      300.000     0.234640
      301.000     0.246430
      302.000     0.258920
      303.000     0.272150
      304.000     0.286140
      305.000     0.306570
      306.000     0.320920
      307.000     0.335970
      308.000     0.351730
      309.000     0.368200
      310.000     0.393210
      311.000     0.409300
      312.000     0.425910
      313.000     0.442990
      314.000     0.460520
      315.000     0.488150
      316.000     0.504490
      317.000     0.520940
      318.000     0.537450
      319.000     0.553950
      320.000     0.581030
      321.000     0.594720
      322.000     0.608080
      323.000     0.621030
      324.000     0.633530
      325.000     0.655740
      326.000     0.665010
      327.000     0.673650
      328.000     0.681620
      329.000     0.688930
      330.000     0.704150
      331.000     0.708170
      332.000     0.711520
      333.000     0.714250
      334.000     0.716380
      335.000     0.724310
      336.000     0.723890
      337.000     0.723020
      338.000     0.721760
      339.000     0.720150
      340.000     0.722570
      341.000     0.718800
      342.000     0.714830
      343.000     0.710690
      344.000     0.706420
      345.000     0.704740
      346.000     0.699670
      347.000     0.694610
      348.000     0.689570
      349.000     0.684590
      350.000     0.681250
      351.000     0.674580
      352.000     0.668030
      353.000     0.661620
      354.000     0.655360
      355.000     0.650090
      356.000     0.643960
      357.000     0.638030
      358.000     0.632300
      359.000     0.626770
      360.000     0.621820
      361.000     0.618370
      362.000     0.614920
      363.000     0.611480
      364.000     0.608070
      365.000     0.604360
      366.000     0.601060
      367.000     0.597780
      368.000     0.594550
      369.000     0.591350
      370.000     0.587570
      371.000     0.590740
      372.000     0.594030
      373.000     0.597410
      374.000     0.600890
      375.000     0.603940
      376.000     0.607660
      377.000     0.611450
      378.000     0.615290
      379.000     0.619170
      380.000     0.622650
      381.000     0.625490
      382.000     0.628450
      383.000     0.631520
      384.000     0.634700
      385.000     0.637630
      386.000     0.641090
      387.000     0.644690
      388.000     0.648450
      389.000     0.652520
      390.000     0.655860
      391.000     0.660100
      392.000     0.664260
      393.000     0.667380
      394.000     0.671900
      395.000     0.676390
      396.000     0.681020
      397.000     0.685700
      398.000     0.690440
      399.000     0.695220
      400.000     0.699860
      401.000     0.704310
      402.000     0.708790
      403.000     0.713310
      404.000     0.717860
      405.000     0.722280
      406.000     0.726890
      407.000     0.731530
      408.000     0.736190
      409.000     0.740860
      410.000     0.745410
      411.000     0.747650
      412.000     0.749900
      413.000     0.752140
      414.000     0.754380
      415.000     0.756510
      416.000     0.758750
      417.000     0.760990
      418.000     0.763220
      419.000     0.765440
      420.000     0.767540
      421.000     0.770290
      422.000     0.773040
      423.000     0.775760
      424.000     0.778470
      425.000     0.781060
      426.000     0.783720
      427.000     0.786370
      428.000     0.788990
      429.000     0.791580
      430.000     0.794070
      431.000     0.796250
      432.000     0.798400
      433.000     0.800520
      434.000     0.802620
      435.000     0.804610
      436.000     0.806650
      437.000     0.808650
      438.000     0.810630
      439.000     0.812580
      440.000     0.814420
      441.000     0.816090
      442.000     0.817740
      443.000     0.819350
      444.000     0.820930
      445.000     0.822420
      446.000     0.823940
      447.000     0.825420
      448.000     0.826880
      449.000     0.828300
      450.000     0.829630
      451.000     0.830860
      452.000     0.832050
      453.000     0.833220
      454.000     0.834360
      455.000     0.835410
      456.000     0.836490
      457.000     0.837550
      458.000     0.838570
      459.000     0.839570
      460.000     0.840490
      461.000     0.841430
      462.000     0.842350
      463.000     0.843240
      464.000     0.844100
      465.000     0.844900
      466.000     0.845710
      467.000     0.846500
      468.000     0.847270
      469.000     0.848010
      470.000     0.848690
      471.000     0.849500
      472.000     0.850290
      473.000     0.851050
      474.000     0.851800
      475.000     0.852480
      476.000     0.853190
      477.000     0.853870
      478.000     0.854530
      479.000     0.855180
      480.000     0.855770
      481.000     0.856380
      482.000     0.856980
      483.000     0.857550
      484.000     0.858110
      485.000     0.858620
      486.000     0.859160
      487.000     0.859670
      488.000     0.860180
      489.000     0.860670
      490.000     0.861120
      491.000     0.861310
      492.000     0.861480
      493.000     0.861640
      494.000     0.861800
      495.000     0.861910
      496.000     0.862040
      497.000     0.862160
      498.000     0.862280
      499.000     0.862380
      500.000     0.862450
      501.000     0.862250
      502.000     0.862030
      503.000     0.861800
      504.000     0.861570
      505.000     0.861300
      506.000     0.861060
      507.000     0.860810
      508.000     0.860550
      509.000     0.860290
      510.000     0.860000
      511.000     0.860020
      512.000     0.860030
      513.000     0.860050
      514.000     0.860060
      515.000     0.860040
      516.000     0.860050
      517.000     0.860050
      518.000     0.860050
      519.000     0.860060
      520.000     0.860030
      521.000     0.859730
      522.000     0.859430
      523.000     0.859130
      524.000     0.858830
      525.000     0.858510
      526.000     0.858200
      527.000     0.857900
      528.000     0.857590
      529.000     0.857290
      530.000     0.856960
      531.000     0.857270
      532.000     0.857580
      533.000     0.857890
      534.000     0.858200
      535.000     0.858500
      536.000     0.858820
      537.000     0.859140
      538.000     0.859470
      539.000     0.859790
      540.000     0.860110
      541.000     0.859830
      542.000     0.859560
      543.000     0.859280
      544.000     0.859010
      545.000     0.858730
      546.000     0.858470
      547.000     0.858210
      548.000     0.857950
      549.000     0.857700
      550.000     0.857430
      551.000     0.857490
      552.000     0.857560
      553.000     0.857630
      554.000     0.857700
      555.000     0.857770
      556.000     0.857850
      557.000     0.857940
      558.000     0.858030
      559.000     0.858130
      560.000     0.858220
      561.000     0.858020
      562.000     0.857820
      563.000     0.857630
      564.000     0.857440
      565.000     0.857240
      566.000     0.857070
      567.000     0.856890
      568.000     0.856730
      569.000     0.856560
      570.000     0.856390
      571.000     0.856550
      572.000     0.856710
      573.000     0.856880
      574.000     0.857050
      575.000     0.857220
      576.000     0.857400
      577.000     0.857590
      578.000     0.857780
      579.000     0.857980
      580.000     0.858170
      581.000     0.858070
      582.000     0.857980
      583.000     0.857890
      584.000     0.857800
      585.000     0.857710
      586.000     0.857640
      587.000     0.857570
      588.000     0.857500
      589.000     0.857440
      590.000     0.857380
      591.000     0.857660
      592.000     0.857940
      593.000     0.858220
      594.000     0.858510
      595.000     0.858800
      596.000     0.859100
      597.000     0.859400
      598.000     0.859710
      599.000     0.860030
      600.000     0.860330
      601.000     0.860350
      602.000     0.860360
      603.000     0.860380
      604.000     0.860410
      605.000     0.860430
      606.000     0.860470
      607.000     0.860510
      608.000     0.860550
      609.000     0.860600
      610.000     0.860650
      611.000     0.861010
      612.000     0.861380
      613.000     0.861750
      614.000     0.862130
      615.000     0.862500
      616.000     0.862890
      617.000     0.863270
      618.000     0.863670
      619.000     0.864060
      620.000     0.864450
      621.000     0.864730
      622.000     0.865020
      623.000     0.865310
      624.000     0.865600
      625.000     0.865900
      626.000     0.866200
      627.000     0.866500
      628.000     0.866810
      629.000     0.867120
      630.000     0.867430
      631.000     0.867690
      632.000     0.867960
      633.000     0.868220
      634.000     0.868490
      635.000     0.868760
      636.000     0.869040
      637.000     0.869320
      638.000     0.869610
      639.000     0.869890
      640.000     0.870180
      641.000     0.870360
      642.000     0.870540
      643.000     0.870730
      644.000     0.870920
      645.000     0.871110
      646.000     0.871300
      647.000     0.871510
      648.000     0.871710
      649.000     0.871920
      650.000     0.872120
      651.000     0.872450
      652.000     0.872780
      653.000     0.873110
      654.000     0.873440
      655.000     0.873770
      656.000     0.874110
      657.000     0.874450
      658.000     0.874790
      659.000     0.875140
      660.000     0.875480
      661.000     0.875780
      662.000     0.876070
      663.000     0.876370
      664.000     0.876670
      665.000     0.876980
      666.000     0.877280
      667.000     0.877590
      668.000     0.877900
      669.000     0.878210
      670.000     0.878530
      671.000     0.878850
      672.000     0.879190
      673.000     0.879520
      674.000     0.879850
      675.000     0.880180
      676.000     0.880520
      677.000     0.880860
      678.000     0.881200
      679.000     0.881540
      680.000     0.881890
      681.000     0.882230
      682.000     0.882580
      683.000     0.882930
      684.000     0.883280
      685.000     0.883620
      686.000     0.883970
      687.000     0.884330
      688.000     0.884680
      689.000     0.885040
      690.000     0.885390
      691.000     0.885750
      692.000     0.886100
      693.000     0.886460
      694.000     0.886820
      695.000     0.887170
      696.000     0.887530
      697.000     0.887900
      698.000     0.888260
      699.000     0.888620
      700.000     0.888980
      701.000     0.889340
      702.000     0.889690
      703.000     0.890050
      704.000     0.890410
      705.000     0.890770
      706.000     0.891130
      707.000     0.891490
      708.000     0.891850
      709.000     0.892210
      710.000     0.892570
      711.000     0.892920
      712.000     0.893280
      713.000     0.893640
      714.000     0.894000
      715.000     0.894350
      716.000     0.894710
      717.000     0.895070
      718.000     0.895430
      719.000     0.895780
      720.000     0.896140
      721.000     0.896500
      722.000     0.896860
      723.000     0.897220
      724.000     0.897580
      725.000     0.897940
      726.000     0.898300
      727.000     0.898660
      728.000     0.899020
      729.000     0.899370
      730.000     0.899730
      731.000     0.900090
      732.000     0.900440
      733.000     0.900790
      734.000     0.901150
      735.000     0.901500
      736.000     0.901850
      737.000     0.902200
      738.000     0.902550
      739.000     0.902900
      740.000     0.903250
      741.000     0.903600
      742.000     0.903950
      743.000     0.904300
      744.000     0.904640
      745.000     0.904980
      746.000     0.905330
      747.000     0.905670
      748.000     0.906010
      749.000     0.906350
      750.000     0.906690
      751.000     0.907010
      752.000     0.907340
      753.000     0.907660
      754.000     0.907990
      755.000     0.908300
      756.000     0.908620
      757.000     0.908940
      758.000     0.909349
      759.000     0.909570
      760.000     0.909880
      761.000     0.910190
      762.000     0.910500
      763.000     0.910810
      764.000     0.911110
      765.000     0.911410
      766.000     0.911710
      767.000     0.912199
      768.000     0.912407
      769.000     0.912693
      770.000     0.912981
      771.000     0.913356
      772.000     0.913470
      773.000     0.913750
      774.000     0.914391
      775.000     0.914490
      776.000     0.914761
      777.000     0.914940
      778.000     0.915120
      779.000     0.915480
      780.000     0.915650
      781.000     0.916093
      782.000     0.916160
      783.000     0.916502
      784.000     0.916935
      785.000     0.917268
      786.000     0.917232
      787.000     0.917750
      788.000     0.917796
      789.000     0.918021
      790.000     0.918330
      791.000     0.918563
      792.000     0.919539
      793.000     0.919192
      794.000     0.919213
      795.000     0.919610
      796.000     0.919821
      797.000     0.920105
      798.000     0.921166
      799.000     0.920201
      800.000     0.920863
      801.000     0.920831
      802.000     0.921285
      803.000     0.921638
      804.000     0.921076
      805.000     0.921408
      806.000     0.921762
      807.000     0.922117
      808.000     0.923169
      809.000     0.922865
      810.000     0.922868
      811.000     0.922345
      812.000     0.923668
      813.000     0.923464
      814.000     0.923924
      815.000     0.923254
      816.000     0.924302
      817.000     0.924742
      818.000     0.923493
      819.000     0.923974
      820.000     0.923482
      821.000     0.923793
      822.000     0.924530
      823.000     0.925715
      824.000     0.924519
      825.000     0.925964
      826.000     0.925508
      827.000     0.925422
      828.000     0.925129
      829.000     0.925247
      830.000     0.925191
      831.000     0.926037
      832.000     0.925822
      833.000     0.927032
      834.000     0.925905
      835.000     0.925274
      836.000     0.927145
      837.000     0.926045
      838.000     0.926198
      839.000     0.926903
      840.000     0.927369
      841.000     0.927252
      842.000     0.925231
      843.000     0.926790
      844.000     0.926454
      845.000     0.928656
      846.000     0.928149
      847.000     0.927657
      848.000     0.927738
      849.000     0.927070
      850.000     0.928183
      851.000     0.927401
      852.000     0.929282
      853.000     0.927784
      854.000     0.928630
      855.000     0.926707
      856.000     0.925679
      857.000     0.926479
      858.000     0.927917
      859.000     0.928577
      860.000     0.927330
      861.000     0.928032
      862.000     0.928255
      863.000     0.931532
      864.000     0.928555
      865.000     0.928562
      866.000     0.931204
      867.000     0.928381
      868.000     0.929223
      869.000     0.928757
      870.000     0.929256
      871.000     0.933150
      872.000     0.926456
      873.000     0.930388
      874.000     0.932731
      875.000     0.929491
      876.000     0.932848
      877.000     0.929048
      878.000     0.930390
      879.000     0.930177
      880.000     0.932540
      881.000     0.929209
      882.000     0.927409
      883.000     0.930173
      884.000     0.933180
      885.000     0.931761
      886.000     0.934413
      887.000     0.937198
      888.000     0.931116
      889.000     0.935602
      890.000     0.937414
      891.000     0.932316
      892.000     0.929536
      893.000     0.933287
      894.000     0.939707
      895.000     0.933285
      896.000     0.933996
      897.000     0.933282
      898.000     0.935514
      899.000     0.938855
      900.000     0.936982
      901.000     0.931715
      902.000     0.939233
      903.000     0.939392
      904.000     0.937521
      905.000     0.934727
      906.000     0.936177
      907.000     0.940861
      908.000     0.935065
      909.000     0.937810
      910.000     0.938401
      911.000     0.939056
      912.000     0.941795
      913.000     0.947012
      914.000     0.939646
      915.000     0.935155
      916.000     0.938325
      917.000     0.947869
      918.000     0.945260
      919.000     0.942432
      920.000     0.940532
      921.000     0.936694
      922.000     0.940949
      923.000     0.947540
      924.000     0.947350
      925.000     0.940688
      926.000     0.949797
      927.000     0.936023
      928.000     0.951015
      929.000     0.950447
      930.000     0.955663
      931.000     0.959554
      932.000     0.946463
      933.000     0.946085
      934.000     0.938728
      935.000     0.943321
      936.000     0.954776
      937.000     0.956779
      938.000     0.930287
      939.000     0.947763
      940.000     0.953117
      941.000     0.952583
      942.000     0.949236
      943.000     0.957389
      944.000     0.959338
      945.000     0.959389
      946.000     0.957891
      947.000     0.963510
      948.000     0.971230
      949.000     0.961076
      950.000     0.944133
      951.000     0.961731
      952.000     0.949724
      953.000     0.971312
      954.000     0.968514
      955.000     0.962060
      956.000     0.963668
      957.000     0.970591
      958.000     0.966050
      959.000     0.959111
      960.000     0.961906
      961.000     0.961805
      962.000     0.973937
      963.000     0.965856
      964.000     0.949177
      965.000     0.949010
      966.000     0.986930
      967.000     0.963907
      968.000     0.972694
      969.000     0.968268
      970.000     0.971250
      971.000     0.988076
      972.000     0.966216
      973.000     0.981268
      974.000     0.977678
      975.000     0.982935
      976.000     0.973134
      977.000     0.970937
      978.000     0.974870
      979.000     0.965993
      980.000     0.954954
      981.000     0.975050
      982.000     0.978582
      983.000     0.978412
      984.000     0.978061
      985.000     0.974071
      986.000     0.977962
      987.000     0.985179
      988.000     0.963039
      989.000     0.969556
      990.000     0.956965
      991.000     0.975596
      992.000     0.997133
      993.000     0.967122
      994.000     0.974467
      995.000     0.988318
      996.000     0.980075
      997.000     0.966645
      998.000     0.971094
      999.000     0.983091
      1000.00      1.00000
      1001.00      1.00000
      1002.00      1.00000
      1003.00     0.999533
      1004.00      1.00000
      1005.00     0.979361
      1006.00     0.969418
      1007.00      1.00000
      1008.00     0.994351
      1009.00      1.00000
      1010.00      1.00000
      1011.00     0.992320
      1012.00      1.00000
      1013.00     0.992911
      1014.00     0.998672
      1015.00     0.996836
      1016.00      1.00000
      1017.00     0.989374
      1018.00      1.00000
      1019.00      1.00000
      1020.00      1.00000
      1021.00      1.00000
      1022.00      1.00000
      1023.00      1.00000
      1024.00      1.00000
      1025.00      1.00000
      1026.00      1.00000
      1027.00      1.00000
      1028.00      1.00000
      1029.00      1.00000
      1030.00      1.00000
      1031.00      1.00000
      1032.00      1.00000
      1033.00      1.00000
      1034.00      1.00000
      1035.00      1.00000
      1036.00      1.00000
      1037.00      1.00000
      1038.00      1.00000
      1039.00      1.00000
      1040.00      1.00000
      1041.00      1.00000
      1042.00      1.00000
      1043.00      1.00000
      1044.00      1.00000
      1045.00      1.00000
      1046.00      1.00000
      1047.00      1.00000
      1048.00      1.00000
      1049.00      1.00000
      1050.00      1.00000
      1051.00      1.00000
      1052.00      1.00000
      1053.00      1.00000
      1054.00      1.00000
      1055.00      1.00000
      1056.00      1.00000
      1057.00      1.00000
      1058.00      1.00000
      1059.00      1.00000
      1060.00      1.00000
      1061.00      1.00000
      1062.00      1.00000
      1063.00      1.00000
      1064.00      1.00000
      1065.00      1.00000
      1066.00      1.00000
      1067.00      1.00000
      1068.00      1.00000
      1069.00      1.00000
      1070.00      1.00000
      1071.00      1.00000
      1072.00      1.00000
      1073.00      1.00000
      1074.00      1.00000
      1075.00      1.00000
      1076.00      1.00000
      1077.00      1.00000
      1078.00      1.00000
      1079.00      1.00000
      1080.00      1.00000
      1081.00      1.00000
      1082.00      1.00000
      1083.00      1.00000
      1084.00      1.00000
      1085.00      1.00000
      1086.00      1.00000
      1087.00      1.00000
      1088.00      1.00000
      1089.00      1.00000
      1090.00      1.00000
      1091.00      1.00000
      1092.00      1.00000
      1093.00      1.00000
      1094.00      1.00000
      1095.00      1.00000
      1096.00      1.00000
      1097.00      1.00000
      1098.00      1.00000
      1099.00      1.00000
      1100.00      1.00000
      1101.00      1.00000
      1102.00      1.00000
      1103.00      1.00000
      1104.00      1.00000
      1105.00      1.00000
      1106.00      1.00000
      1107.00      1.00000
      1108.00      1.00000
      1109.00      1.00000
      1110.00      1.00000
      1111.00      1.00000
      1112.00      1.00000
      1113.00      1.00000
      1114.00      1.00000
      1115.00      1.00000
      1116.00      1.00000
      1117.00      1.00000
      1118.00      1.00000
      1119.00      1.00000
      1120.00      1.00000
      1121.00      1.00000
      1122.00      1.00000
      1123.00      1.00000
      1124.00      1.00000
      1125.00      1.00000
      1126.00      1.00000
      1127.00      1.00000
      1128.00      1.00000
      1129.00      1.00000
      1130.00      1.00000
      1131.00      1.00000
      1132.00      1.00000
      1133.00      1.00000
      1134.00      1.00000
      1135.00      1.00000
      1136.00      1.00000
      1137.00      1.00000
      1138.00      1.00000
      1139.00      1.00000
      1140.00      1.00000
      1141.00      1.00000
      1142.00      1.00000
      1143.00      1.00000
      1144.00      1.00000
      1145.00      1.00000
      1146.00      1.00000
      1147.00      1.00000
      1148.00      1.00000
      1149.00      1.00000
      1150.00      1.00000
      1151.00      1.00000
      1152.00      1.00000
      1153.00      1.00000
      1154.00      1.00000
      1155.00      1.00000
      1156.00      1.00000
      1157.00      1.00000
      1158.00      1.00000
      1159.00      1.00000
      1160.00      1.00000
      1161.00      1.00000
      1162.00      1.00000
      1163.00      1.00000
      1164.00      1.00000
      1165.00      1.00000
      1166.00      1.00000
      1167.00      1.00000
      1168.00      1.00000
      1169.00      1.00000
      1170.00      1.00000
      1171.00      1.00000
      1172.00      1.00000
      1173.00      1.00000
      1174.00      1.00000
      1175.00      1.00000
      1176.00      1.00000
      1177.00      1.00000
      1178.00      1.00000
      1179.00      1.00000
      1180.00      1.00000
      1181.00      1.00000
      1182.00      1.00000
      1183.00      1.00000
      1184.00      1.00000
      1185.00      1.00000
      1186.00      1.00000
      1187.00      1.00000
      1188.00      1.00000
      1189.00      1.00000
      1190.00      1.00000
      1191.00      1.00000
      1192.00      1.00000
      1193.00      1.00000
      1194.00      1.00000
      1195.00      1.00000
      1196.00      1.00000
      1197.00      1.00000
      1198.00      1.00000
      1199.00      1.00000
      1200.00      1.00000
