   300.0 0.00002
   301.0 0.00014
   302.0 0.00008
   303.0 0.00010
   304.0 0.00004
   305.0 0.00002
   306.0 0.00002
   307.0 0.00002
   308.0 0.00003
   309.0 0.00005
   310.0 0.00009
   311.0 0.00014
   312.0 0.00004
   313.0 0.00001
   314.0 0.00002
   315.0 0.00004
   316.0 0.00006
   317.0 0.00007
   318.0 0.00000
   319.0 0.00000
   320.0 0.00000
   321.0 0.00000
   322.0 0.00000
   323.0 0.00000
   324.0 0.00000
   325.0 0.00000
   326.0 0.00000
   327.0 0.00000
   328.0 0.00000
   329.0 0.00000
   330.0 0.00000
   331.0 0.00000
   332.0 0.00000
   333.0 0.00000
   334.0 0.00005
   335.0 0.00008
   336.0 0.00009
   337.0 0.00007
   338.0 0.00012
   339.0 0.00009
   340.0 0.00010
   341.0 0.00030
   342.0 0.00023
   343.0 0.00013
   344.0 0.00013
   345.0 0.00034
   346.0 0.00030
   347.0 0.00017
   348.0 0.00058
   349.0 0.00053
   350.0 0.00030
   351.0 0.00008
   352.0 0.00006
   353.0 0.00009
   354.0 0.00009
   355.0 0.00002
   356.0 0.00001
   357.0 0.00001
   358.0 0.00001
   359.0 0.00001
   360.0 0.00001
   361.0 0.00001
   362.0 0.00001
   363.0 0.00002
   364.0 0.00001
   365.0 0.00001
   366.0 0.00002
   367.0 0.00003
   368.0 0.00008
   369.0 0.00009
   370.0 0.00007
   371.0 0.00008
   372.0 0.00015
   373.0 0.00003
   374.0 0.00003
   375.0 0.00016
   376.0 0.00007
   377.0 0.00005
   378.0 0.00007
   379.0 0.00008
   380.0 0.00005
   381.0 0.00008
   382.0 0.00009
   383.0 0.00007
   384.0 0.00012
   385.0 0.00009
   386.0 0.00010
   387.0 0.00030
   388.0 0.00023
   389.0 0.00013
   390.0 0.00013
   391.0 0.00034
   392.0 0.00030
   393.0 0.00017
   394.0 0.00058
   395.0 0.00053
   396.0 0.00030
   397.0 0.00008
   398.0 0.00006
   399.0 0.00009
   400.0 0.00009
   401.0 0.00002
   402.0 0.00001
   403.0 0.00001
   404.0 0.00001
   405.0 0.00001
   406.0 0.00001
   407.0 0.00001
   408.0 0.00001
   409.0 0.00002
   410.0 0.00001
   411.0 0.00001
   412.0 0.00002
   413.0 0.00003
   414.0 0.00008
   415.0 0.00009
   416.0 0.00007
   417.0 0.00008
   418.0 0.00015
   419.0 0.00003
   420.0 0.00003
   421.0 0.00016
   422.0 0.00007
   423.0 0.00005
   424.0 0.00007
   425.0 0.00008
   426.0 0.00008
   427.0 0.00010
   428.0 0.00016
   429.0 0.00003
   430.0 0.00005
   431.0 0.00004
   432.0 0.00002
   433.0 0.00011
   434.0 0.00005
   435.0 0.00002
   436.0 0.00014
   437.0 0.00008
   438.0 0.00010
   439.0 0.00004
   440.0 0.00002
   441.0 0.00002
   442.0 0.00002
   443.0 0.00003
   444.0 0.00005
   445.0 0.00009
   446.0 0.00014
   447.0 0.00004
   448.0 0.00001
   449.0 0.00002
   450.0 0.00004
   451.0 0.00006
   452.0 0.00007
   453.0 0.00007
   454.0 0.00005
   455.0 0.00004
   456.0 0.00003
   457.0 0.00002
   458.0 0.00002
   459.0 0.00002
   460.0 0.00001
   461.0 0.00001
   462.0 0.00001
   463.0 0.00001
   464.0 0.00001
   465.0 0.00001
   466.0 0.00001
   467.0 0.00001
   468.0 0.00001
   469.0 0.00001
   470.0 0.00001
   471.0 0.00001
   472.0 0.00001
   473.0 0.00001
   474.0 0.00001
   475.0 0.00001
   476.0 0.00001
   477.0 0.00001
   478.0 0.00001
   479.0 0.00001
   480.0 0.00002
   481.0 0.00002
   482.0 0.00003
   483.0 0.00003
   484.0 0.00005
   485.0 0.00008
   486.0 0.00012
   487.0 0.00021
   488.0 0.00037
   489.0 0.00052
   490.0 0.00049
   491.0 0.00040
   492.0 0.00038
   493.0 0.00042
   494.0 0.00035
   495.0 0.00028
   496.0 0.00026
   497.0 0.00029
   498.0 0.00040
   499.0 0.00058
   500.0 0.00071
   501.0 0.00069
   502.0 0.00054
   503.0 0.00041
   504.0 0.00034
   505.0 0.00031
   506.0 0.00030
   507.0 0.00031
   508.0 0.00033
   509.0 0.00037
   510.0 0.00042
   511.0 0.00048
   512.0 0.00057
   513.0 0.00068
   514.0 0.00083
   515.0 0.00101
   516.0 0.00125
   517.0 0.00154
   518.0 0.00191
   519.0 0.00237
   520.0 0.00292
   521.0 0.00359
   522.0 0.00438
   523.0 0.00532
   524.0 0.00644
   525.0 0.00777
   526.0 0.00935
   527.0 0.01124
   528.0 0.01350
   529.0 0.01628
   530.0 0.01975
   531.0 0.02421
   532.0 0.03006
   533.0 0.03785
   534.0 0.04821
   535.0 0.06180
   536.0 0.07905
   537.0 0.09989
   538.0 0.12324
   539.0 0.14674
   540.0 0.16745
   541.0 0.18370
   542.0 0.19683
   543.0 0.21055
   544.0 0.22923
   545.0 0.25700
   546.0 0.29786
   547.0 0.35513
   548.0 0.42917
   549.0 0.51272
   550.0 0.58921
   551.0 0.64245
   552.0 0.67056
   553.0 0.68412
   554.0 0.69580
   555.0 0.71381
   556.0 0.74150
   557.0 0.77969
   558.0 0.82823
   559.0 0.88397
   560.0 0.93686
   561.0 0.97330
   562.0 0.98836
   563.0 0.98926
   564.0 0.98576
   565.0 0.98308
   566.0 0.98228
   567.0 0.98267
   568.0 0.98336
   569.0 0.98413
   570.0 0.98555
   571.0 0.98817
   572.0 0.99149
   573.0 0.99401
   574.0 0.99410
   575.0 0.99119
   576.0 0.98617
   577.0 0.98110
   578.0 0.97822
   579.0 0.97892
   580.0 0.98312
   581.0 0.98928
   582.0 0.99505
   583.0 0.99827
   584.0 0.99785
   585.0 0.99421
   586.0 0.98891
   587.0 0.98388
   588.0 0.98066
   589.0 0.98001
   590.0 0.98183
   591.0 0.98535
   592.0 0.98945
   593.0 0.99302
   594.0 0.99520
   595.0 0.99557
   596.0 0.99418
   597.0 0.99155
   598.0 0.98852
   599.0 0.98606
   600.0 0.98496
   601.0 0.98563
   602.0 0.98790
   603.0 0.99106
   604.0 0.99403
   605.0 0.99575
   606.0 0.99563
   607.0 0.99380
   608.0 0.99107
   609.0 0.98857
   610.0 0.98736
   611.0 0.98791
   612.0 0.98995
   613.0 0.99253
   614.0 0.99448
   615.0 0.99485
   616.0 0.99338
   617.0 0.99054
   618.0 0.98738
   619.0 0.98507
   620.0 0.98444
   621.0 0.98558
   622.0 0.98781
   623.0 0.98999
   624.0 0.99096
   625.0 0.99008
   626.0 0.98751
   627.0 0.98406
   628.0 0.98094
   629.0 0.97919
   630.0 0.97932
   631.0 0.98103
   632.0 0.98336
   633.0 0.98510
   634.0 0.98527
   635.0 0.98356
   636.0 0.98043
   637.0 0.97694
   638.0 0.97430
   639.0 0.97346
   640.0 0.97471
   641.0 0.97758
   642.0 0.98102
   643.0 0.98381
   644.0 0.98501
   645.0 0.98434
   646.0 0.98225
   647.0 0.97973
   648.0 0.97789
   649.0 0.97762
   650.0 0.97918
   651.0 0.98227
   652.0 0.98597
   653.0 0.98923
   654.0 0.99116
   655.0 0.99141
   656.0 0.99015
   657.0 0.98802
   658.0 0.98585
   659.0 0.98437
   660.0 0.98394
   661.0 0.98457
   662.0 0.98591
   663.0 0.98745
   664.0 0.98869
   665.0 0.98924
   666.0 0.98896
   667.0 0.98792
   668.0 0.98640
   669.0 0.98480
   670.0 0.98350
   671.0 0.98270
   672.0 0.98218
   673.0 0.98098
   674.0 0.97732
   675.0 0.96887
   676.0 0.95390
   677.0 0.93247
   678.0 0.90656
   679.0 0.87867
   680.0 0.85049
   681.0 0.82261
   682.0 0.79533
   683.0 0.76906
   684.0 0.74340
   685.0 0.71567
   686.0 0.68182
   687.0 0.64065
   688.0 0.59607
   689.0 0.55297
   690.0 0.51295
   691.0 0.47512
   692.0 0.43831
   693.0 0.40160
   694.0 0.36348
   695.0 0.32151
   696.0 0.27351
   697.0 0.21986
   698.0 0.16498
   699.0 0.11582
   700.0 0.07752
   701.0 0.05106
   702.0 0.03365
   703.0 0.02249
   704.0 0.01534
   705.0 0.01070
   706.0 0.00763
   707.0 0.00555
   708.0 0.00411
   709.0 0.00310
   710.0 0.00237
   711.0 0.00184
   712.0 0.00145
   713.0 0.00116
   714.0 0.00094
   715.0 0.00077
   716.0 0.00065
   717.0 0.00056
   718.0 0.00048
   719.0 0.00043
   720.0 0.00038
   721.0 0.00034
   722.0 0.00031
   723.0 0.00028
   724.0 0.00026
   725.0 0.00024
   726.0 0.00023
   727.0 0.00022
   728.0 0.00021
   729.0 0.00020
   730.0 0.00019
   731.0 0.00018
   732.0 0.00018
   733.0 0.00017
   734.0 0.00016
   735.0 0.00015
   736.0 0.00015
   737.0 0.00013
   738.0 0.00013
   739.0 0.00012
   740.0 0.00011
   741.0 0.00010
   742.0 0.00009
   743.0 0.00009
   744.0 0.00008
   745.0 0.00008
   746.0 0.00007
   747.0 0.00007
   748.0 0.00007
   749.0 0.00006
   750.0 0.00006
   751.0 0.00006
   752.0 0.00006
   753.0 0.00006
   754.0 0.00006
   755.0 0.00007
   756.0 0.00007
   757.0 0.00007
   758.0 0.00007
   759.0 0.00007
   760.0 0.00007
   761.0 0.00006
   762.0 0.00006
   763.0 0.00006
   764.0 0.00005
   765.0 0.00005
   766.0 0.00005
   767.0 0.00005
   768.0 0.00006
   769.0 0.00006
   770.0 0.00006
   771.0 0.00006
   772.0 0.00006
   773.0 0.00006
   774.0 0.00006
   775.0 0.00005
   776.0 0.00005
   777.0 0.00004
   778.0 0.00004
   779.0 0.00004
   780.0 0.00004
   781.0 0.00003
   782.0 0.00003
   783.0 0.00003
   784.0 0.00003
   785.0 0.00003
   786.0 0.00003
   787.0 0.00004
   788.0 0.00004
   789.0 0.00004
   790.0 0.00004
   791.0 0.00005
   792.0 0.00005
   793.0 0.00006
   794.0 0.00006
   795.0 0.00006
   796.0 0.00006
   797.0 0.00006
   798.0 0.00006
   799.0 0.00005
   800.0 0.00005
   801.0 0.00004
   802.0 0.00004
   803.0 0.00005
   804.0 0.00005
   805.0 0.00005
   806.0 0.00006
   807.0 0.00006
   808.0 0.00006
   809.0 0.00006
   810.0 0.00006
   811.0 0.00006
   812.0 0.00006
   813.0 0.00006
   814.0 0.00008
   815.0 0.00013
   816.0 0.00068
   817.0 0.00031
   818.0 0.00017
   819.0 0.00022
   820.0 0.00044
   821.0 0.00136
   822.0 0.00321
   823.0 0.00077
   824.0 0.00026
   825.0 0.00013
   826.0 0.00008
   827.0 0.00006
   828.0 0.00006
   829.0 0.00006
   830.0 0.00007
   831.0 0.00011
   832.0 0.00022
   833.0 0.00120
   834.0 0.00076
   835.0 0.00185
   836.0 0.00093
   837.0 0.00021
   838.0 0.00009
   839.0 0.00005
   840.0 0.00003
   841.0 0.00002
   842.0 0.00001
   843.0 0.00001
   844.0 0.00001
   845.0 0.00001
   846.0 0.00001
   847.0 0.00001
   848.0 0.00000
   849.0 0.00000
   850.0 0.00000
   851.0 0.00000
   852.0 0.00000
   853.0 0.00000
   854.0 0.00000
   855.0 0.00000
   856.0 0.00000
   857.0 0.00000
   858.0 0.00001
   859.0 0.00001
   860.0 0.00001
   861.0 0.00001
   862.0 0.00001
   863.0 0.00001
   864.0 0.00001
   865.0 0.00001
   866.0 0.00002
   867.0 0.00002
   868.0 0.00003
   869.0 0.00004
   870.0 0.00006
   871.0 0.00010
   872.0 0.00018
   873.0 0.00033
   874.0 0.00040
   875.0 0.00025
   876.0 0.00013
   877.0 0.00008
   878.0 0.00005
   879.0 0.00003
   880.0 0.00003
   881.0 0.00002
   882.0 0.00002
   883.0 0.00003
   884.0 0.00004
   885.0 0.00006
   886.0 0.00005
   887.0 0.00003
   888.0 0.00003
   889.0 0.00003
   890.0 0.00004
   891.0 0.00005
   892.0 0.00008
   893.0 0.00015
   894.0 0.00019
   895.0 0.00013
   896.0 0.00008
   897.0 0.00009
   898.0 0.00011
   899.0 0.00007
   900.0 0.00004
   901.0 0.00003
   902.0 0.00002
   903.0 0.00002
   904.0 0.00002
   905.0 0.00002
   906.0 0.00002
   907.0 0.00003
   908.0 0.00003
   909.0 0.00004
   910.0 0.00004
   911.0 0.00005
   912.0 0.00007
   913.0 0.00009
   914.0 0.00011
   915.0 0.00014
   916.0 0.00017
   917.0 0.00019
   918.0 0.00019
   919.0 0.00018
   920.0 0.00016
   921.0 0.00013
   922.0 0.00011
   923.0 0.00009
   924.0 0.00008
   925.0 0.00008
   926.0 0.00007
   927.0 0.00007
   928.0 0.00007
   929.0 0.00007
   930.0 0.00007
   931.0 0.00007
   932.0 0.00007
   933.0 0.00008
   934.0 0.00010
   935.0 0.00011
   936.0 0.00013
   937.0 0.00014
   938.0 0.00015
   939.0 0.00014
   940.0 0.00013
   941.0 0.00011
   942.0 0.00010
   943.0 0.00008
   944.0 0.00007
   945.0 0.00005
   946.0 0.00004
   947.0 0.00004
   948.0 0.00003
   949.0 0.00003
   950.0 0.00003
   951.0 0.00003
   952.0 0.00003
   953.0 0.00003
   954.0 0.00003
   955.0 0.00003
   956.0 0.00004
   957.0 0.00004
   958.0 0.00005
   959.0 0.00006
   960.0 0.00007
   961.0 0.00008
   962.0 0.00010
   963.0 0.00013
   964.0 0.00016
   965.0 0.00020
   966.0 0.00024
   967.0 0.00027
   968.0 0.00029
   969.0 0.00029
   970.0 0.00028
   971.0 0.00026
   972.0 0.00023
   973.0 0.00021
   974.0 0.00018
   975.0 0.00016
   976.0 0.00015
   977.0 0.00014
   978.0 0.00013
   979.0 0.00013
   980.0 0.00013
   981.0 0.00013
   982.0 0.00013
   983.0 0.00013
   984.0 0.00012
   985.0 0.00011
   986.0 0.00010
   987.0 0.00009
   988.0 0.00009
   989.0 0.00008
   990.0 0.00008
   991.0 0.00007
   992.0 0.00007
   993.0 0.00006
   994.0 0.00006
   995.0 0.00005
   996.0 0.00005
   997.0 0.00004
   998.0 0.00004
   999.0 0.00003
  1000.0 0.00003
  1001.0 0.00003
  1002.0 0.00002
  1003.0 0.00002
  1004.0 0.00002
  1005.0 0.00002
  1006.0 0.00002
  1007.0 0.00001
  1008.0 0.00001
  1009.0 0.00001
  1010.0 0.00001
  1011.0 0.00001
  1012.0 0.00001
  1013.0 0.00001
  1014.0 0.00002
  1015.0 0.00002
  1016.0 0.00002
  1017.0 0.00002
  1018.0 0.00002
  1019.0 0.00003
  1020.0 0.00003
  1021.0 0.00003
  1022.0 0.00004
  1023.0 0.00005
  1024.0 0.00006
  1025.0 0.00007
  1026.0 0.00009
  1027.0 0.00012
  1028.0 0.00015
  1029.0 0.00020
  1030.0 0.00026
  1031.0 0.00034
  1032.0 0.00046
  1033.0 0.00060
  1034.0 0.00078
  1035.0 0.00099
  1036.0 0.00120
  1037.0 0.00140
  1038.0 0.00155
  1039.0 0.00164
  1040.0 0.00164
  1041.0 0.00157
  1042.0 0.00142
  1043.0 0.00125
  1044.0 0.00106
  1045.0 0.00089
  1046.0 0.00076
  1047.0 0.00066
  1048.0 0.00059
  1049.0 0.00056
  1050.0 0.00057
  1051.0 0.00062
  1052.0 0.00071
  1053.0 0.00084
  1054.0 0.00094
  1055.0 0.00095
  1056.0 0.00088
  1057.0 0.00083
  1058.0 0.00084
  1059.0 0.00090
  1060.0 0.00102
  1061.0 0.00116
  1062.0 0.00132
  1063.0 0.00146
  1064.0 0.00156
  1065.0 0.00159
  1066.0 0.00157
  1067.0 0.00152
  1068.0 0.00147
  1069.0 0.00142
  1070.0 0.00130
  1071.0 0.00110
  1072.0 0.00089
  1073.0 0.00071
  1074.0 0.00057
  1075.0 0.00047
  1076.0 0.00041
  1077.0 0.00036
  1078.0 0.00034
  1079.0 0.00033
  1080.0 0.00033
  1081.0 0.00034
  1082.0 0.00036
  1083.0 0.00041
  1084.0 0.00047
  1085.0 0.00056
  1086.0 0.00070
  1087.0 0.00090
  1088.0 0.00120
  1089.0 0.00160
  1090.0 0.00210
  1091.0 0.00254
  1092.0 0.00266
  1093.0 0.00243
  1094.0 0.00204
  1095.0 0.00168
  1096.0 0.00141
  1097.0 0.00124
  1098.0 0.00115
  1099.0 0.00114
  1100.0 0.00122
  1101.0 0.00139
  1102.0 0.00157
  1103.0 0.00164
  1104.0 0.00154
  1105.0 0.00136
  1106.0 0.00120
  1107.0 0.00111
  1108.0 0.00107
  1109.0 0.00108
  1110.0 0.00116
  1111.0 0.00130
  1112.0 0.00154
  1113.0 0.00188
  1114.0 0.00233
  1115.0 0.00276
  1116.0 0.00299
  1117.0 0.00300
  1118.0 0.00296
  1119.0 0.00293
  1120.0 0.00278
  1121.0 0.00246
  1122.0 0.00208
  1123.0 0.00176
  1124.0 0.00151
  1125.0 0.00133
  1126.0 0.00119
  1127.0 0.00109
  1128.0 0.00101
  1129.0 0.00095
  1130.0 0.00090
  1131.0 0.00086
  1132.0 0.00083
  1133.0 0.00081
  1134.0 0.00079
  1135.0 0.00077
  1136.0 0.00076
  1137.0 0.00076
  1138.0 0.00075
  1139.0 0.00075
  1140.0 0.00075
  1141.0 0.00075
  1142.0 0.00075
  1143.0 0.00075
  1144.0 0.00076
  1145.0 0.00076
  1146.0 0.00077
  1147.0 0.00078
  1148.0 0.00079
  1149.0 0.00081
  1150.0 0.00084
  1151.0 0.00087
  1152.0 0.00091
  1153.0 0.00096
  1154.0 0.00103
  1155.0 0.00111
  1156.0 0.00122
  1157.0 0.00135
  1158.0 0.00152
  1159.0 0.00173
  1160.0 0.00198
  1161.0 0.00229
  1162.0 0.00263
  1163.0 0.00299
  1164.0 0.00334
  1165.0 0.00361
  1166.0 0.00377
  1167.0 0.00380
  1168.0 0.00372
  1169.0 0.00360
  1170.0 0.00347
  1171.0 0.00339
  1172.0 0.00335
  1173.0 0.00336
  1174.0 0.00340
  1175.0 0.00342
  1176.0 0.00340
  1177.0 0.00331
  1178.0 0.00318
  1179.0 0.00305
  1180.0 0.00294
  1181.0 0.00288
  1182.0 0.00287
  1183.0 0.00292
  1184.0 0.00304
  1185.0 0.00323
  1186.0 0.00349
  1187.0 0.00382
  1188.0 0.00420
  1189.0 0.00460
  1190.0 0.00498
  1191.0 0.00530
  1192.0 0.00551
  1193.0 0.00561
  1194.0 0.00559
  1195.0 0.00546
  1196.0 0.00526
  1197.0 0.00502
  1198.0 0.00479
  1199.0 0.00459
  1200.0 0.00444
