   300.0 0.98372
   301.0 0.98337
   302.0 0.98311
   303.0 0.98293
   304.0 0.98284
   305.0 0.98283
   306.0 0.98289
   307.0 0.98303
   308.0 0.98323
   309.0 0.98348
   310.0 0.98379
   311.0 0.98412
   312.0 0.98449
   313.0 0.98489
   314.0 0.98529
   315.0 0.98569
   316.0 0.98610
   317.0 0.98649
   318.0 0.98688
   319.0 0.98723
   320.0 0.98757
   321.0 0.98787
   322.0 0.98814
   323.0 0.98837
   324.0 0.98857
   325.0 0.98872
   326.0 0.98884
   327.0 0.98891
   328.0 0.98894
   329.0 0.98894
   330.0 0.98889
   331.0 0.98882
   332.0 0.98871
   333.0 0.98856
   334.0 0.98840
   335.0 0.98821
   336.0 0.98799
   337.0 0.98776
   338.0 0.98751
   339.0 0.98725
   340.0 0.98698
   341.0 0.98671
   342.0 0.98643
   343.0 0.98616
   344.0 0.98589
   345.0 0.98562
   346.0 0.98536
   347.0 0.98512
   348.0 0.98489
   349.0 0.98467
   350.0 0.98447
   351.0 0.98429
   352.0 0.98412
   353.0 0.98398
   354.0 0.98385
   355.0 0.98375
   356.0 0.98367
   357.0 0.98361
   358.0 0.98358
   359.0 0.98355
   360.0 0.98356
   361.0 0.98359
   362.0 0.98363
   363.0 0.98369
   364.0 0.98376
   365.0 0.98386
   366.0 0.98397
   367.0 0.98409
   368.0 0.98423
   369.0 0.98437
   370.0 0.98453
   371.0 0.98469
   372.0 0.98487
   373.0 0.98504
   374.0 0.98523
   375.0 0.98541
   376.0 0.98560
   377.0 0.98579
   378.0 0.98598
   379.0 0.98616
   380.0 0.98634
   381.0 0.98652
   382.0 0.98669
   383.0 0.98686
   384.0 0.98702
   385.0 0.98716
   386.0 0.98730
   387.0 0.98744
   388.0 0.98756
   389.0 0.98766
   390.0 0.98777
   391.0 0.98785
   392.0 0.98793
   393.0 0.98799
   394.0 0.98803
   395.0 0.98807
   396.0 0.98810
   397.0 0.98811
   398.0 0.98811
   399.0 0.98809
   400.0 0.98807
   401.0 0.98803
   402.0 0.98799
   403.0 0.98793
   404.0 0.98786
   405.0 0.98778
   406.0 0.98769
   407.0 0.98760
   408.0 0.98749
   409.0 0.98738
   410.0 0.98726
   411.0 0.98714
   412.0 0.98701
   413.0 0.98687
   414.0 0.98673
   415.0 0.98659
   416.0 0.98644
   417.0 0.98630
   418.0 0.98615
   419.0 0.98600
   420.0 0.98584
   421.0 0.98569
   422.0 0.98555
   423.0 0.98539
   424.0 0.98525
   425.0 0.98510
   426.0 0.98496
   427.0 0.98482
   428.0 0.98469
   429.0 0.98456
   430.0 0.98443
   431.0 0.98432
   432.0 0.98420
   433.0 0.98409
   434.0 0.98399
   435.0 0.98390
   436.0 0.98380
   437.0 0.98372
   438.0 0.98365
   439.0 0.98358
   440.0 0.98352
   441.0 0.98347
   442.0 0.98342
   443.0 0.98338
   444.0 0.98335
   445.0 0.98333
   446.0 0.98331
   447.0 0.98331
   448.0 0.98330
   449.0 0.98331
   450.0 0.98332
   451.0 0.98334
   452.0 0.98337
   453.0 0.98340
   454.0 0.98344
   455.0 0.98348
   456.0 0.98353
   457.0 0.98359
   458.0 0.98366
   459.0 0.98372
   460.0 0.98380
   461.0 0.98387
   462.0 0.98396
   463.0 0.98405
   464.0 0.98414
   465.0 0.98423
   466.0 0.98433
   467.0 0.98443
   468.0 0.98454
   469.0 0.98465
   470.0 0.98475
   471.0 0.98487
   472.0 0.98498
   473.0 0.98509
   474.0 0.98521
   475.0 0.98533
   476.0 0.98544
   477.0 0.98557
   478.0 0.98568
   479.0 0.98580
   480.0 0.98592
   481.0 0.98604
   482.0 0.98615
   483.0 0.98627
   484.0 0.98638
   485.0 0.98649
   486.0 0.98661
   487.0 0.98671
   488.0 0.98682
   489.0 0.98692
   490.0 0.98703
   491.0 0.98712
   492.0 0.98722
   493.0 0.98731
   494.0 0.98740
   495.0 0.98749
   496.0 0.98757
   497.0 0.98765
   498.0 0.98772
   499.0 0.98780
   500.0 0.98787
   501.0 0.98793
   502.0 0.98799
   503.0 0.98805
   504.0 0.98810
   505.0 0.98815
   506.0 0.98820
   507.0 0.98825
   508.0 0.98828
   509.0 0.98832
   510.0 0.98835
   511.0 0.98837
   512.0 0.98839
   513.0 0.98841
   514.0 0.98843
   515.0 0.98844
   516.0 0.98844
   517.0 0.98845
   518.0 0.98845
   519.0 0.98844
   520.0 0.98844
   521.0 0.98842
   522.0 0.98841
   523.0 0.98839
   524.0 0.98837
   525.0 0.98835
   526.0 0.98833
   527.0 0.98830
   528.0 0.98827
   529.0 0.98823
   530.0 0.98820
   531.0 0.98815
   532.0 0.98811
   533.0 0.98807
   534.0 0.98802
   535.0 0.98798
   536.0 0.98793
   537.0 0.98788
   538.0 0.98783
   539.0 0.98777
   540.0 0.98771
   541.0 0.98766
   542.0 0.98760
   543.0 0.98754
   544.0 0.98749
   545.0 0.98743
   546.0 0.98737
   547.0 0.98730
   548.0 0.98724
   549.0 0.98718
   550.0 0.98712
   551.0 0.98706
   552.0 0.98700
   553.0 0.98693
   554.0 0.98687
   555.0 0.98681
   556.0 0.98675
   557.0 0.98669
   558.0 0.98663
   559.0 0.98657
   560.0 0.98651
   561.0 0.98646
   562.0 0.98640
   563.0 0.98635
   564.0 0.98629
   565.0 0.98624
   566.0 0.98619
   567.0 0.98614
   568.0 0.98609
   569.0 0.98604
   570.0 0.98600
   571.0 0.98596
   572.0 0.98591
   573.0 0.98587
   574.0 0.98583
   575.0 0.98579
   576.0 0.98576
   577.0 0.98573
   578.0 0.98569
   579.0 0.98567
   580.0 0.98564
   581.0 0.98561
   582.0 0.98559
   583.0 0.98557
   584.0 0.98555
   585.0 0.98553
   586.0 0.98551
   587.0 0.98550
   588.0 0.98548
   589.0 0.98545
   590.0 0.98544
   591.0 0.98544
   592.0 0.98543
   593.0 0.98543
   594.0 0.98543
   595.0 0.98544
   596.0 0.98544
   597.0 0.98545
   598.0 0.98546
   599.0 0.98547
   600.0 0.98548
   601.0 0.98550
   602.0 0.98552
   603.0 0.98554
   604.0 0.98556
   605.0 0.98558
   606.0 0.98561
   607.0 0.98563
   608.0 0.98566
   609.0 0.98569
   610.0 0.98572
   611.0 0.98575
   612.0 0.98579
   613.0 0.98582
   614.0 0.98586
   615.0 0.98590
   616.0 0.98594
   617.0 0.98598
   618.0 0.98602
   619.0 0.98607
   620.0 0.98611
   621.0 0.98616
   622.0 0.98620
   623.0 0.98626
   624.0 0.98631
   625.0 0.98636
   626.0 0.98641
   627.0 0.98646
   628.0 0.98651
   629.0 0.98657
   630.0 0.98663
   631.0 0.98668
   632.0 0.98674
   633.0 0.98679
   634.0 0.98685
   635.0 0.98690
   636.0 0.98696
   637.0 0.98702
   638.0 0.98708
   639.0 0.98713
   640.0 0.98719
   641.0 0.98725
   642.0 0.98731
   643.0 0.98737
   644.0 0.98743
   645.0 0.98750
   646.0 0.98756
   647.0 0.98762
   648.0 0.98768
   649.0 0.98774
   650.0 0.98781
   651.0 0.98787
   652.0 0.98793
   653.0 0.98799
   654.0 0.98805
   655.0 0.98811
   656.0 0.98817
   657.0 0.98823
   658.0 0.98829
   659.0 0.98835
   660.0 0.98840
   661.0 0.98846
   662.0 0.98852
   663.0 0.98857
   664.0 0.98863
   665.0 0.98868
   666.0 0.98874
   667.0 0.98879
   668.0 0.98884
   669.0 0.98889
   670.0 0.98894
   671.0 0.98899
   672.0 0.98904
   673.0 0.98909
   674.0 0.98914
   675.0 0.98918
   676.0 0.98923
   677.0 0.98927
   678.0 0.98931
   679.0 0.98936
   680.0 0.98940
   681.0 0.98944
   682.0 0.98947
   683.0 0.98952
   684.0 0.98955
   685.0 0.98959
   686.0 0.98962
   687.0 0.98966
   688.0 0.98969
   689.0 0.98972
   690.0 0.98975
   691.0 0.98978
   692.0 0.98981
   693.0 0.98983
   694.0 0.98986
   695.0 0.98988
   696.0 0.98990
   697.0 0.98993
   698.0 0.98995
   699.0 0.98997
   700.0 0.98998
   701.0 0.99001
   702.0 0.99002
   703.0 0.99004
   704.0 0.99005
   705.0 0.99006
   706.0 0.99007
   707.0 0.99008
   708.0 0.99009
   709.0 0.99010
   710.0 0.99010
   711.0 0.99011
   712.0 0.99011
   713.0 0.99012
   714.0 0.99012
   715.0 0.99012
   716.0 0.99012
   717.0 0.99012
   718.0 0.99011
   719.0 0.99011
   720.0 0.99011
   721.0 0.99010
   722.0 0.99009
   723.0 0.99009
   724.0 0.99008
   725.0 0.99007
   726.0 0.99006
   727.0 0.99004
   728.0 0.99003
   729.0 0.99002
   730.0 0.99000
   731.0 0.98998
   732.0 0.98997
   733.0 0.98995
   734.0 0.98993
   735.0 0.98991
   736.0 0.98989
   737.0 0.98987
   738.0 0.98985
   739.0 0.98983
   740.0 0.98981
   741.0 0.98978
   742.0 0.98976
   743.0 0.98973
   744.0 0.98971
   745.0 0.98968
   746.0 0.98965
   747.0 0.98963
   748.0 0.98960
   749.0 0.98957
   750.0 0.98954
   751.0 0.98951
   752.0 0.98948
   753.0 0.98945
   754.0 0.98941
   755.0 0.98938
   756.0 0.98935
   757.0 0.98932
   758.0 0.98928
   759.0 0.98925
   760.0 0.98922
   761.0 0.98918
   762.0 0.98915
   763.0 0.98912
   764.0 0.98908
   765.0 0.98904
   766.0 0.98901
   767.0 0.98897
   768.0 0.98893
   769.0 0.98890
   770.0 0.98886
   771.0 0.98883
   772.0 0.98879
   773.0 0.98875
   774.0 0.98872
   775.0 0.98868
   776.0 0.98864
   777.0 0.98861
   778.0 0.98857
   779.0 0.98853
   780.0 0.98849
   781.0 0.98846
   782.0 0.98842
   783.0 0.98838
   784.0 0.98835
   785.0 0.98831
   786.0 0.98827
   787.0 0.98824
   788.0 0.98820
   789.0 0.98816
   790.0 0.98813
   791.0 0.98809
   792.0 0.98806
   793.0 0.98802
   794.0 0.98799
   795.0 0.98795
   796.0 0.98792
   797.0 0.98788
   798.0 0.98785
   799.0 0.98782
   800.0 0.98778
   801.0 0.98775
   802.0 0.98771
   803.0 0.98768
   804.0 0.98765
   805.0 0.98762
   806.0 0.98759
   807.0 0.98756
   808.0 0.98753
   809.0 0.98750
   810.0 0.98747
   811.0 0.98744
   812.0 0.98742
   813.0 0.98739
   814.0 0.98736
   815.0 0.98733
   816.0 0.98731
   817.0 0.98728
   818.0 0.98726
   819.0 0.98723
   820.0 0.98721
   821.0 0.98718
   822.0 0.98716
   823.0 0.98714
   824.0 0.98712
   825.0 0.98710
   826.0 0.98708
   827.0 0.98706
   828.0 0.98704
   829.0 0.98702
   830.0 0.98700
   831.0 0.98699
   832.0 0.98697
   833.0 0.98695
   834.0 0.98693
   835.0 0.98692
   836.0 0.98691
   837.0 0.98689
   838.0 0.98688
   839.0 0.98687
   840.0 0.98686
   841.0 0.98685
   842.0 0.98684
   843.0 0.98683
   844.0 0.98682
   845.0 0.98681
   846.0 0.98680
   847.0 0.98680
   848.0 0.98679
   849.0 0.98679
   850.0 0.98678
   851.0 0.98678
   852.0 0.98677
   853.0 0.98677
   854.0 0.98677
   855.0 0.98677
   856.0 0.98677
   857.0 0.98677
   858.0 0.98677
   859.0 0.98677
   860.0 0.98678
   861.0 0.98678
   862.0 0.98678
   863.0 0.98679
   864.0 0.98679
   865.0 0.98680
   866.0 0.98681
   867.0 0.98681
   868.0 0.98682
   869.0 0.98683
   870.0 0.98684
   871.0 0.98685
   872.0 0.98686
   873.0 0.98687
   874.0 0.98688
   875.0 0.98690
   876.0 0.98691
   877.0 0.98692
   878.0 0.98694
   879.0 0.98695
   880.0 0.98697
   881.0 0.98699
   882.0 0.98701
   883.0 0.98703
   884.0 0.98704
   885.0 0.98706
   886.0 0.98708
   887.0 0.98710
   888.0 0.98712
   889.0 0.98715
   890.0 0.98717
   891.0 0.98719
   892.0 0.98721
   893.0 0.98724
   894.0 0.98726
   895.0 0.98729
   896.0 0.98731
   897.0 0.98734
   898.0 0.98737
   899.0 0.98740
   900.0 0.98743
   901.0 0.98745
   902.0 0.98748
   903.0 0.98751
   904.0 0.98754
   905.0 0.98757
   906.0 0.98760
   907.0 0.98763
   908.0 0.98766
   909.0 0.98770
   910.0 0.98773
   911.0 0.98777
   912.0 0.98780
   913.0 0.98783
   914.0 0.98787
   915.0 0.98790
   916.0 0.98794
   917.0 0.98797
   918.0 0.98801
   919.0 0.98804
   920.0 0.98808
   921.0 0.98812
   922.0 0.98815
   923.0 0.98820
   924.0 0.98823
   925.0 0.98827
   926.0 0.98831
   927.0 0.98835
   928.0 0.98839
   929.0 0.98843
   930.0 0.98847
   931.0 0.98851
   932.0 0.98855
   933.0 0.98859
   934.0 0.98863
   935.0 0.98867
   936.0 0.98872
   937.0 0.98876
   938.0 0.98880
   939.0 0.98884
   940.0 0.98888
   941.0 0.98892
   942.0 0.98897
   943.0 0.98901
   944.0 0.98906
   945.0 0.98910
   946.0 0.98914
   947.0 0.98918
   948.0 0.98923
   949.0 0.98927
   950.0 0.98931
   951.0 0.98936
   952.0 0.98940
   953.0 0.98944
   954.0 0.98949
   955.0 0.98953
   956.0 0.98958
   957.0 0.98962
   958.0 0.98966
   959.0 0.98971
   960.0 0.98975
   961.0 0.98979
   962.0 0.98984
   963.0 0.98988
   964.0 0.98992
   965.0 0.98997
   966.0 0.99002
   967.0 0.99006
   968.0 0.99010
   969.0 0.99015
   970.0 0.99019
   971.0 0.99023
   972.0 0.99027
   973.0 0.99032
   974.0 0.99036
   975.0 0.99040
   976.0 0.99044
   977.0 0.99048
   978.0 0.99053
   979.0 0.99057
   980.0 0.99061
   981.0 0.99065
   982.0 0.99070
   983.0 0.99074
   984.0 0.99078
   985.0 0.99082
   986.0 0.99086
   987.0 0.99090
   988.0 0.99093
   989.0 0.99097
   990.0 0.99101
   991.0 0.99106
   992.0 0.99109
   993.0 0.99113
   994.0 0.99117
   995.0 0.99121
   996.0 0.99124
   997.0 0.99128
   998.0 0.99132
   999.0 0.99135
  1000.0 0.99139
  1001.0 0.99142
  1002.0 0.99146
  1003.0 0.99149
  1004.0 0.99153
  1005.0 0.99156
  1006.0 0.99159
  1007.0 0.99162
  1008.0 0.99166
  1009.0 0.99169
  1010.0 0.99173
  1011.0 0.99176
  1012.0 0.99179
  1013.0 0.99182
  1014.0 0.99185
  1015.0 0.99187
  1016.0 0.99190
  1017.0 0.99193
  1018.0 0.99196
  1019.0 0.99199
  1020.0 0.99201
  1021.0 0.99204
  1022.0 0.99206
  1023.0 0.99209
  1024.0 0.99211
  1025.0 0.99214
  1026.0 0.99216
  1027.0 0.99218
  1028.0 0.99220
  1029.0 0.99223
  1030.0 0.99225
  1031.0 0.99227
  1032.0 0.99229
  1033.0 0.99231
  1034.0 0.99233
  1035.0 0.99235
  1036.0 0.99236
  1037.0 0.99238
  1038.0 0.99240
  1039.0 0.99241
  1040.0 0.99243
  1041.0 0.99244
  1042.0 0.99245
  1043.0 0.99246
  1044.0 0.99248
  1045.0 0.99249
  1046.0 0.99250
  1047.0 0.99251
  1048.0 0.99252
  1049.0 0.99253
  1050.0 0.99253
  1051.0 0.99254
  1052.0 0.99255
  1053.0 0.99255
  1054.0 0.99256
  1055.0 0.99256
  1056.0 0.99256
  1057.0 0.99257
  1058.0 0.99257
  1059.0 0.99257
  1060.0 0.99257
  1061.0 0.99257
  1062.0 0.99257
  1063.0 0.99257
  1064.0 0.99256
  1065.0 0.99256
  1066.0 0.99256
  1067.0 0.99256
  1068.0 0.99256
  1069.0 0.99255
  1070.0 0.99254
  1071.0 0.99254
  1072.0 0.99253
  1073.0 0.99252
  1074.0 0.99250
  1075.0 0.99249
  1076.0 0.99248
  1077.0 0.99246
  1078.0 0.99244
  1079.0 0.99242
  1080.0 0.99240
  1081.0 0.99238
  1082.0 0.99236
  1083.0 0.99233
  1084.0 0.99231
  1085.0 0.99229
  1086.0 0.99226
  1087.0 0.99223
  1088.0 0.99221
  1089.0 0.99218
  1090.0 0.99215
  1091.0 0.99213
  1092.0 0.99210
  1093.0 0.99207
  1094.0 0.99204
  1095.0 0.99201
  1096.0 0.99198
  1097.0 0.99195
  1098.0 0.99192
  1099.0 0.99188
  1100.0 0.99185
  1101.0 0.99182
  1102.0 0.99178
  1103.0 0.99175
  1104.0 0.99171
  1105.0 0.99167
  1106.0 0.99164
  1107.0 0.99160
  1108.0 0.99156
  1109.0 0.99152
  1110.0 0.99148
  1111.0 0.99144
  1112.0 0.99140
  1113.0 0.99136
  1114.0 0.99131
  1115.0 0.99127
  1116.0 0.99123
  1117.0 0.99118
  1118.0 0.99114
  1119.0 0.99109
  1120.0 0.99104
  1121.0 0.99099
  1122.0 0.99095
  1123.0 0.99090
  1124.0 0.99085
  1125.0 0.99080
  1126.0 0.99075
  1127.0 0.99070
  1128.0 0.99065
  1129.0 0.99059
  1130.0 0.99054
  1131.0 0.99047
  1132.0 0.99041
  1133.0 0.99035
  1134.0 0.99029
  1135.0 0.99022
  1136.0 0.99016
  1137.0 0.99010
  1138.0 0.99003
  1139.0 0.98996
  1140.0 0.98989
  1141.0 0.98982
  1142.0 0.98975
  1143.0 0.98968
  1144.0 0.98961
  1145.0 0.98954
  1146.0 0.98946
  1147.0 0.98939
  1148.0 0.98932
  1149.0 0.98924
  1150.0 0.98917
  1151.0 0.98909
  1152.0 0.98901
  1153.0 0.98893
  1154.0 0.98885
  1155.0 0.98877
  1156.0 0.98869
  1157.0 0.98861
  1158.0 0.98852
  1159.0 0.98843
  1160.0 0.98835
  1161.0 0.98826
  1162.0 0.98818
  1163.0 0.98809
  1164.0 0.98800
  1165.0 0.98791
  1166.0 0.98782
  1167.0 0.98773
  1168.0 0.98764
  1169.0 0.98754
  1170.0 0.98745
  1171.0 0.98736
  1172.0 0.98726
  1173.0 0.98716
  1174.0 0.98707
  1175.0 0.98697
  1176.0 0.98687
  1177.0 0.98677
  1178.0 0.98667
  1179.0 0.98657
  1180.0 0.98647
  1181.0 0.98637
  1182.0 0.98626
  1183.0 0.98616
  1184.0 0.98605
  1185.0 0.98595
  1186.0 0.98584
  1187.0 0.98573
  1188.0 0.98562
  1189.0 0.98552
  1190.0 0.98540
  1191.0 0.98529
  1192.0 0.98518
  1193.0 0.98507
  1194.0 0.98496
  1195.0 0.98485
  1196.0 0.98473
  1197.0 0.98461
  1198.0 0.98450
  1199.0 0.98438
  1200.0 0.98427
