   300.0 0.16091
   301.0 0.17304
   302.0 0.18642
   303.0 0.20108
   304.0 0.21703
   305.0 0.23432
   306.0 0.25296
   307.0 0.27294
   308.0 0.29429
   309.0 0.31699
   310.0 0.34103
   311.0 0.37462
   312.0 0.40816
   313.0 0.44140
   314.0 0.47414
   315.0 0.50616
   316.0 0.53729
   317.0 0.56737
   318.0 0.59626
   319.0 0.62386
   320.0 0.65005
   321.0 0.66038
   322.0 0.67136
   323.0 0.68298
   324.0 0.69525
   325.0 0.70827
   326.0 0.72218
   327.0 0.73720
   328.0 0.75356
   329.0 0.77149
   330.0 0.79115
   331.0 0.79412
   332.0 0.79741
   333.0 0.80099
   334.0 0.80484
   335.0 0.80897
   336.0 0.81336
   337.0 0.81801
   338.0 0.82290
   339.0 0.82804
   340.0 0.83340
   341.0 0.83418
   342.0 0.83500
   343.0 0.83586
   344.0 0.83676
   345.0 0.83771
   346.0 0.83870
   347.0 0.83972
   348.0 0.84079
   349.0 0.84189
   350.0 0.84302
   351.0 0.84468
   352.0 0.84636
   353.0 0.84804
   354.0 0.84972
   355.0 0.85142
   356.0 0.85312
   357.0 0.85482
   358.0 0.85653
   359.0 0.85824
   360.0 0.85995
   361.0 0.86084
   362.0 0.86172
   363.0 0.86260
   364.0 0.86347
   365.0 0.86434
   366.0 0.86520
   367.0 0.86606
   368.0 0.86692
   369.0 0.86777
   370.0 0.86862
   371.0 0.86952
   372.0 0.87041
   373.0 0.87130
   374.0 0.87219
   375.0 0.87306
   376.0 0.87393
   377.0 0.87480
   378.0 0.87566
   379.0 0.87651
   380.0 0.87736
   381.0 0.87928
   382.0 0.88120
   383.0 0.88313
   384.0 0.88506
   385.0 0.88700
   386.0 0.88894
   387.0 0.89087
   388.0 0.89281
   389.0 0.89474
   390.0 0.89666
   391.0 0.89746
   392.0 0.89826
   393.0 0.89905
   394.0 0.89984
   395.0 0.90062
   396.0 0.90140
   397.0 0.90217
   398.0 0.90294
   399.0 0.90370
   400.0 0.90446
   401.0 0.90518
   402.0 0.90590
   403.0 0.90662
   404.0 0.90733
   405.0 0.90803
   406.0 0.90873
   407.0 0.90942
   408.0 0.91011
   409.0 0.91080
   410.0 0.91148
   411.0 0.91210
   412.0 0.91272
   413.0 0.91334
   414.0 0.91395
   415.0 0.91455
   416.0 0.91515
   417.0 0.91575
   418.0 0.91634
   419.0 0.91693
   420.0 0.91752
   421.0 0.91809
   422.0 0.91865
   423.0 0.91921
   424.0 0.91977
   425.0 0.92032
   426.0 0.92087
   427.0 0.92141
   428.0 0.92195
   429.0 0.92249
   430.0 0.92302
   431.0 0.92339
   432.0 0.92375
   433.0 0.92411
   434.0 0.92447
   435.0 0.92483
   436.0 0.92518
   437.0 0.92547
   438.0 0.92576
   439.0 0.92604
   440.0 0.92633
   441.0 0.92672
   442.0 0.92711
   443.0 0.92750
   444.0 0.92788
   445.0 0.92826
   446.0 0.92864
   447.0 0.92902
   448.0 0.92940
   449.0 0.92977
   450.0 0.93014
   451.0 0.93038
   452.0 0.93061
   453.0 0.93085
   454.0 0.93108
   455.0 0.93132
   456.0 0.93155
   457.0 0.93178
   458.0 0.93201
   459.0 0.93224
   460.0 0.93247
   461.0 0.93270
   462.0 0.93292
   463.0 0.93315
   464.0 0.93338
   465.0 0.93360
   466.0 0.93383
   467.0 0.93405
   468.0 0.93427
   469.0 0.93449
   470.0 0.93471
   471.0 0.93500
   472.0 0.93528
   473.0 0.93556
   474.0 0.93583
   475.0 0.93611
   476.0 0.93639
   477.0 0.93666
   478.0 0.93693
   479.0 0.93720
   480.0 0.93747
   481.0 0.93764
   482.0 0.93780
   483.0 0.93797
   484.0 0.93813
   485.0 0.93830
   486.0 0.93846
   487.0 0.93863
   488.0 0.93879
   489.0 0.93895
   490.0 0.93911
   491.0 0.93930
   492.0 0.93949
   493.0 0.93963
   494.0 0.93977
   495.0 0.93991
   496.0 0.94005
   497.0 0.94019
   498.0 0.94033
   499.0 0.94047
   500.0 0.94061
   501.0 0.94072
   502.0 0.94082
   503.0 0.94092
   504.0 0.94102
   505.0 0.94113
   506.0 0.94123
   507.0 0.94133
   508.0 0.94143
   509.0 0.94153
   510.0 0.94164
   511.0 0.94179
   512.0 0.94194
   513.0 0.94209
   514.0 0.94225
   515.0 0.94240
   516.0 0.94255
   517.0 0.94270
   518.0 0.94285
   519.0 0.94299
   520.0 0.94314
   521.0 0.94324
   522.0 0.94333
   523.0 0.94343
   524.0 0.94352
   525.0 0.94362
   526.0 0.94371
   527.0 0.94381
   528.0 0.94390
   529.0 0.94400
   530.0 0.94409
   531.0 0.94420
   532.0 0.94431
   533.0 0.94441
   534.0 0.94452
   535.0 0.94462
   536.0 0.94473
   537.0 0.94483
   538.0 0.94494
   539.0 0.94504
   540.0 0.94515
   541.0 0.94526
   542.0 0.94536
   543.0 0.94547
   544.0 0.94558
   545.0 0.94569
   546.0 0.94580
   547.0 0.94588
   548.0 0.94596
   549.0 0.94603
   550.0 0.94611
   551.0 0.94617
   552.0 0.94622
   553.0 0.94627
   554.0 0.94633
   555.0 0.94638
   556.0 0.94644
   557.0 0.94649
   558.0 0.94655
   559.0 0.94660
   560.0 0.94666
   561.0 0.94672
   562.0 0.94678
   563.0 0.94684
   564.0 0.94691
   565.0 0.94697
   566.0 0.94703
   567.0 0.94710
   568.0 0.94716
   569.0 0.94722
   570.0 0.94728
   571.0 0.94732
   572.0 0.94736
   573.0 0.94739
   574.0 0.94743
   575.0 0.94747
   576.0 0.94751
   577.0 0.94755
   578.0 0.94758
   579.0 0.94762
   580.0 0.94766
   581.0 0.94768
   582.0 0.94771
   583.0 0.94773
   584.0 0.94775
   585.0 0.94777
   586.0 0.94780
   587.0 0.94782
   588.0 0.94785
   589.0 0.94787
   590.0 0.94790
   591.0 0.94799
   592.0 0.94809
   593.0 0.94818
   594.0 0.94827
   595.0 0.94837
   596.0 0.94846
   597.0 0.94855
   598.0 0.94865
   599.0 0.94874
   600.0 0.94883
   601.0 0.94888
   602.0 0.94893
   603.0 0.94897
   604.0 0.94902
   605.0 0.94907
   606.0 0.94912
   607.0 0.94916
   608.0 0.94921
   609.0 0.94926
   610.0 0.94931
   611.0 0.94934
   612.0 0.94938
   613.0 0.94942
   614.0 0.94946
   615.0 0.94950
   616.0 0.94954
   617.0 0.94958
   618.0 0.94961
   619.0 0.94965
   620.0 0.94969
   621.0 0.94978
   622.0 0.94987
   623.0 0.94996
   624.0 0.95005
   625.0 0.95014
   626.0 0.95022
   627.0 0.95031
   628.0 0.95040
   629.0 0.95048
   630.0 0.95057
   631.0 0.95060
   632.0 0.95063
   633.0 0.95067
   634.0 0.95070
   635.0 0.95073
   636.0 0.95076
   637.0 0.95080
   638.0 0.95083
   639.0 0.95086
   640.0 0.95089
   641.0 0.95096
   642.0 0.95102
   643.0 0.95108
   644.0 0.95114
   645.0 0.95120
   646.0 0.95126
   647.0 0.95132
   648.0 0.95138
   649.0 0.95145
   650.0 0.95151
   651.0 0.95146
   652.0 0.95142
   653.0 0.95138
   654.0 0.95134
   655.0 0.95130
   656.0 0.95125
   657.0 0.95121
   658.0 0.95117
   659.0 0.95113
   660.0 0.95109
   661.0 0.95103
   662.0 0.95096
   663.0 0.95090
   664.0 0.95084
   665.0 0.95078
   666.0 0.95071
   667.0 0.95065
   668.0 0.95059
   669.0 0.95053
   670.0 0.95046
   671.0 0.95037
   672.0 0.95028
   673.0 0.95019
   674.0 0.95010
   675.0 0.95000
   676.0 0.94991
   677.0 0.94982
   678.0 0.94973
   679.0 0.94964
   680.0 0.94955
   681.0 0.94954
   682.0 0.94953
   683.0 0.94952
   684.0 0.94951
   685.0 0.94949
   686.0 0.94948
   687.0 0.94947
   688.0 0.94946
   689.0 0.94945
   690.0 0.94944
   691.0 0.94940
   692.0 0.94936
   693.0 0.94933
   694.0 0.94929
   695.0 0.94925
   696.0 0.94921
   697.0 0.94918
   698.0 0.94914
   699.0 0.94910
   700.0 0.94907
   701.0 0.94904
   702.0 0.94902
   703.0 0.94899
   704.0 0.94896
   705.0 0.94894
   706.0 0.94891
   707.0 0.94889
   708.0 0.94886
   709.0 0.94884
   710.0 0.94881
   711.0 0.94879
   712.0 0.94877
   713.0 0.94875
   714.0 0.94873
   715.0 0.94871
   716.0 0.94869
   717.0 0.94867
   718.0 0.94864
   719.0 0.94862
   720.0 0.94860
   721.0 0.94861
   722.0 0.94861
   723.0 0.94861
   724.0 0.94862
   725.0 0.94862
   726.0 0.94862
   727.0 0.94863
   728.0 0.94863
   729.0 0.94863
   730.0 0.94864
   731.0 0.94860
   732.0 0.94857
   733.0 0.94853
   734.0 0.94850
   735.0 0.94847
   736.0 0.94843
   737.0 0.94840
   738.0 0.94837
   739.0 0.94833
   740.0 0.94830
   741.0 0.94828
   742.0 0.94826
   743.0 0.94824
   744.0 0.94822
   745.0 0.94820
   746.0 0.94818
   747.0 0.94816
   748.0 0.94814
   749.0 0.94812
   750.0 0.94811
   751.0 0.94811
   752.0 0.94812
   753.0 0.94812
   754.0 0.94813
   755.0 0.94813
   756.0 0.94814
   757.0 0.94815
   758.0 0.94815
   759.0 0.94816
   760.0 0.94816
   761.0 0.94815
   762.0 0.94813
   763.0 0.94811
   764.0 0.94810
   765.0 0.94808
   766.0 0.94806
   767.0 0.94805
   768.0 0.94803
   769.0 0.94801
   770.0 0.94799
   771.0 0.94798
   772.0 0.94797
   773.0 0.94796
   774.0 0.94795
   775.0 0.94794
   776.0 0.94792
   777.0 0.94791
   778.0 0.94790
   779.0 0.94789
   780.0 0.94788
   781.0 0.94787
   782.0 0.94787
   783.0 0.94786
   784.0 0.94786
   785.0 0.94785
   786.0 0.94784
   787.0 0.94784
   788.0 0.94783
   789.0 0.94783
   790.0 0.94782
   791.0 0.94779
   792.0 0.94776
   793.0 0.94773
   794.0 0.94770
   795.0 0.94767
   796.0 0.94764
   797.0 0.94761
   798.0 0.94758
   799.0 0.94755
   800.0 0.94752
   801.0 0.94760
   802.0 0.94767
   803.0 0.94774
   804.0 0.94781
   805.0 0.94788
   806.0 0.94796
   807.0 0.94803
   808.0 0.94810
   809.0 0.94817
   810.0 0.94824
   811.0 0.94826
   812.0 0.94829
   813.0 0.94831
   814.0 0.94833
   815.0 0.94835
   816.0 0.94838
   817.0 0.94840
   818.0 0.94842
   819.0 0.94844
   820.0 0.94847
   821.0 0.94849
   822.0 0.94852
   823.0 0.94854
   824.0 0.94857
   825.0 0.94860
   826.0 0.94862
   827.0 0.94865
   828.0 0.94867
   829.0 0.94870
   830.0 0.94872
   831.0 0.94876
   832.0 0.94880
   833.0 0.94883
   834.0 0.94887
   835.0 0.94891
   836.0 0.94894
   837.0 0.94898
   838.0 0.94902
   839.0 0.94905
   840.0 0.94909
   841.0 0.94913
   842.0 0.94916
   843.0 0.94920
   844.0 0.94923
   845.0 0.94926
   846.0 0.94930
   847.0 0.94933
   848.0 0.94937
   849.0 0.94940
   850.0 0.94943
   851.0 0.94962
   852.0 0.94981
   853.0 0.95000
   854.0 0.95019
   855.0 0.95038
   856.0 0.95056
   857.0 0.95075
   858.0 0.95093
   859.0 0.95111
   860.0 0.95130
   861.0 0.95148
   862.0 0.95167
   863.0 0.95185
   864.0 0.95203
   865.0 0.95221
   866.0 0.95239
   867.0 0.95257
   868.0 0.95275
   869.0 0.95293
   870.0 0.95311
   871.0 0.95328
   872.0 0.95346
   873.0 0.95364
   874.0 0.95381
   875.0 0.95399
   876.0 0.95416
   877.0 0.95434
   878.0 0.95451
   879.0 0.95468
   880.0 0.95485
   881.0 0.95501
   882.0 0.95517
   883.0 0.95532
   884.0 0.95548
   885.0 0.95563
   886.0 0.95579
   887.0 0.95594
   888.0 0.95609
   889.0 0.95624
   890.0 0.95640
   891.0 0.95657
   892.0 0.95674
   893.0 0.95691
   894.0 0.95708
   895.0 0.95724
   896.0 0.95741
   897.0 0.95758
   898.0 0.95774
   899.0 0.95791
   900.0 0.95807
   901.0 0.95821
   902.0 0.95835
   903.0 0.95850
   904.0 0.95864
   905.0 0.95877
   906.0 0.95891
   907.0 0.95905
   908.0 0.95919
   909.0 0.95933
   910.0 0.95946
   911.0 0.95960
   912.0 0.95974
   913.0 0.95988
   914.0 0.96002
   915.0 0.96015
   916.0 0.96029
   917.0 0.96042
   918.0 0.96056
   919.0 0.96069
   920.0 0.96082
   921.0 0.96098
   922.0 0.96113
   923.0 0.96129
   924.0 0.96144
   925.0 0.96160
   926.0 0.96175
   927.0 0.96190
   928.0 0.96205
   929.0 0.96220
   930.0 0.96235
   931.0 0.96250
   932.0 0.96264
   933.0 0.96278
   934.0 0.96292
   935.0 0.96306
   936.0 0.96320
   937.0 0.96334
   938.0 0.96348
   939.0 0.96362
   940.0 0.96376
   941.0 0.96390
   942.0 0.96403
   943.0 0.96417
   944.0 0.96431
   945.0 0.96445
   946.0 0.96458
   947.0 0.96472
   948.0 0.96485
   949.0 0.96499
   950.0 0.96512
   951.0 0.96517
   952.0 0.96522
   953.0 0.96527
   954.0 0.96532
   955.0 0.96537
   956.0 0.96542
   957.0 0.96547
   958.0 0.96552
   959.0 0.96557
   960.0 0.96562
   961.0 0.96570
   962.0 0.96577
   963.0 0.96585
   964.0 0.96593
   965.0 0.96600
   966.0 0.96608
   967.0 0.96616
   968.0 0.96623
   969.0 0.96631
   970.0 0.96638
   971.0 0.96650
   972.0 0.96663
   973.0 0.96675
   974.0 0.96687
   975.0 0.96699
   976.0 0.96711
   977.0 0.96723
   978.0 0.96735
   979.0 0.96747
   980.0 0.96759
   981.0 0.96760
   982.0 0.96761
   983.0 0.96762
   984.0 0.96763
   985.0 0.96764
   986.0 0.96765
   987.0 0.96766
   988.0 0.96767
   989.0 0.96768
   990.0 0.96770
   991.0 0.96769
   992.0 0.96769
   993.0 0.96769
   994.0 0.96768
   995.0 0.96768
   996.0 0.96768
   997.0 0.96768
   998.0 0.96767
   999.0 0.96767
  1000.0 0.96767
  1001.0 0.96771
  1002.0 0.96775
  1003.0 0.96779
  1004.0 0.96782
  1005.0 0.96786
  1006.0 0.96790
  1007.0 0.96794
  1008.0 0.96798
  1009.0 0.96802
  1010.0 0.96806
  1011.0 0.96808
  1012.0 0.96811
  1013.0 0.96814
  1014.0 0.96816
  1015.0 0.96819
  1016.0 0.96821
  1017.0 0.96824
  1018.0 0.96827
  1019.0 0.96829
  1020.0 0.96832
  1021.0 0.96833
  1022.0 0.96834
  1023.0 0.96834
  1024.0 0.96835
  1025.0 0.96836
  1026.0 0.96837
  1027.0 0.96838
  1028.0 0.96839
  1029.0 0.96839
  1030.0 0.96840
  1031.0 0.96845
  1032.0 0.96850
  1033.0 0.96855
  1034.0 0.96860
  1035.0 0.96865
  1036.0 0.96870
  1037.0 0.96874
  1038.0 0.96879
  1039.0 0.96884
  1040.0 0.96889
  1041.0 0.96891
  1042.0 0.96892
  1043.0 0.96894
  1044.0 0.96896
  1045.0 0.96898
  1046.0 0.96900
  1047.0 0.96901
  1048.0 0.96903
  1049.0 0.96905
  1050.0 0.96907
  1051.0 0.96904
  1052.0 0.96901
  1053.0 0.96898
  1054.0 0.96895
  1055.0 0.96892
  1056.0 0.96889
  1057.0 0.96886
  1058.0 0.96884
  1059.0 0.96881
  1060.0 0.96878
  1061.0 0.96882
  1062.0 0.96886
  1063.0 0.96890
  1064.0 0.96894
  1065.0 0.96898
  1066.0 0.96902
  1067.0 0.96906
  1068.0 0.96910
  1069.0 0.96914
  1070.0 0.96918
  1071.0 0.96922
  1072.0 0.96925
  1073.0 0.96929
  1074.0 0.96932
  1075.0 0.96936
  1076.0 0.96939
  1077.0 0.96943
  1078.0 0.96946
  1079.0 0.96949
  1080.0 0.96953
  1081.0 0.96954
  1082.0 0.96955
  1083.0 0.96955
  1084.0 0.96956
  1085.0 0.96957
  1086.0 0.96958
  1087.0 0.96959
  1088.0 0.96959
  1089.0 0.96960
  1090.0 0.96961
  1091.0 0.96968
  1092.0 0.96975
  1093.0 0.96981
  1094.0 0.96988
  1095.0 0.96995
  1096.0 0.97001
  1097.0 0.97008
  1098.0 0.97015
  1099.0 0.97021
  1100.0 0.97028
  1101.0 0.97031
  1102.0 0.97033
  1103.0 0.97036
  1104.0 0.97039
  1105.0 0.97041
  1106.0 0.97044
  1107.0 0.97047
  1108.0 0.97049
  1109.0 0.97052
  1110.0 0.97055
  1111.0 0.97057
  1112.0 0.97058
  1113.0 0.97060
  1114.0 0.97062
  1115.0 0.97064
  1116.0 0.97065
  1117.0 0.97067
  1118.0 0.97069
  1119.0 0.97071
  1120.0 0.97073
  1121.0 0.97078
  1122.0 0.97083
  1123.0 0.97088
  1124.0 0.97093
  1125.0 0.97098
  1126.0 0.97103
  1127.0 0.97108
  1128.0 0.97113
  1129.0 0.97118
  1130.0 0.97122
  1131.0 0.97123
  1132.0 0.97124
  1133.0 0.97125
  1134.0 0.97126
  1135.0 0.97127
  1136.0 0.97127
  1137.0 0.97128
  1138.0 0.97129
  1139.0 0.97130
  1140.0 0.97131
  1141.0 0.97132
  1142.0 0.97134
  1143.0 0.97136
  1144.0 0.97137
  1145.0 0.97139
  1146.0 0.97140
  1147.0 0.97142
  1148.0 0.97143
  1149.0 0.97145
  1150.0 0.97147
  1151.0 0.97150
  1152.0 0.97154
  1153.0 0.97158
  1154.0 0.97162
  1155.0 0.97166
  1156.0 0.97169
  1157.0 0.97173
  1158.0 0.97177
  1159.0 0.97181
  1160.0 0.97185
  1161.0 0.97187
  1162.0 0.97190
  1163.0 0.97192
  1164.0 0.97195
  1165.0 0.97197
  1166.0 0.97200
  1167.0 0.97202
  1168.0 0.97204
  1169.0 0.97207
  1170.0 0.97209
  1171.0 0.97212
  1172.0 0.97214
  1173.0 0.97216
  1174.0 0.97218
  1175.0 0.97220
  1176.0 0.97222
  1177.0 0.97224
  1178.0 0.97226
  1179.0 0.97228
  1180.0 0.97231
  1181.0 0.97235
  1182.0 0.97239
  1183.0 0.97243
  1184.0 0.97248
  1185.0 0.97252
  1186.0 0.97256
  1187.0 0.97260
  1188.0 0.97264
  1189.0 0.97269
  1190.0 0.97273
  1191.0 0.97274
  1192.0 0.97276
  1193.0 0.97277
  1194.0 0.97279
  1195.0 0.97281
  1196.0 0.97282
  1197.0 0.97284
  1198.0 0.97285
  1199.0 0.97287
  1200.0 0.97288
