# Column 0: Device name							
# Column 1: Number of amplifiers						
# Column 2: Pixels x							
# Column 3: Pixels y						
# Column 0: Amplifier name							
# Column 1-4: x min, x max, y min, y max (pixels)
# Column 5-6: readout direction x, readout direction y	
# Column 7: Gain							
# Column 8: % variation							
# Column 9: Bias level							
# Column 10: % variation							
# Column 11-12: ?							
# Column 13: Dark current							
# Column 14-16: ?							
# Column 17: Hot pixel rate							
# Column 18: Hot column rate					
S29	2	2048	4096															
S29_C0	0	1023	0	4095	-1	-1	4.5	3	1000	2	7	3	0.007	0	4	1	0.00025	0.00025
S29_C1	1024	2047	0	4095	1	1	4.5	3	1000	2	7	3	0.007	0	4	1	0.00025	0.00025
S30	2	2048	4096															
S30_C0	0	1023	0	4095	-1	-1	4.5	3	1000	2	7	3	0.007	0	4	1	0.00025	0.00025
S30_C1	1024	2047	0	4095	1	1	4.5	3	1000	2	7	3	0.007	0	4	1	0.00025	0.00025
S31	2	2048	4096															
S31_C0	0	1023	0	4095	-1	-1	4.5	3	1000	2	7	3	0.007	0	4	1	0.00025	0.00025
S30_C1	1024	2047	0	4095	1	1	4.5	3	1000	2	7	3	0.007	0	4	1	0.00025	0.00025
S25	2	2048	4096															
S25_C0	0	1023	0	4095	-1	-1	4.5	3	1000	2	7	3	0.007	0	4	1	0.00025	0.00025
S25_C1	1024	2047	0	4095	1	1	4.5	3	1000	2	7	3	0.007	0	4	1	0.00025	0.00025
S26	2	2048	4096															
S26_C0	0	1023	0	4095	-1	-1	4.5	3	1000	2	7	3	0.007	0	4	1	0.00025	0.00025
S26_C1	1024	2047	0	4095	1	1	4.5	3	1000	2	7	3	0.007	0	4	1	0.00025	0.00025
S27	2	2048	4096															
S27_C0	0	1023	0	4095	-1	-1	4.5	3	1000	2	7	3	0.007	0	4	1	0.00025	0.00025
S27_C1	1024	2047	0	4095	1	1	4.5	3	1000	2	7	3	0.007	0	4	1	0.00025	0.00025
S28	2	2048	4096															
S28_C0	0	1023	0	4095	-1	-1	4.5	3	1000	2	7	3	0.007	0	4	1	0.00025	0.00025
S28_C1	1024	2047	0	4095	1	1	4.5	3	1000	2	7	3	0.007	0	4	1	0.00025	0.00025
S20	2	2048	4096															
S20_C0	0	1023	0	4095	-1	-1	4.5	3	1000	2	7	3	0.007	0	4	1	0.00025	0.00025
S20_C1	1024	2047	0	4095	1	1	4.5	3	1000	2	7	3	0.007	0	4	1	0.00025	0.00025
S21	2	2048	4096															
S21_C0	0	1023	0	4095	-1	-1	4.5	3	1000	2	7	3	0.007	0	4	1	0.00025	0.00025
S21_C1	1024	2047	0	4095	1	1	4.5	3	1000	2	7	3	0.007	0	4	1	0.00025	0.00025
S22	2	2048	4096															
S22_C0	0	1023	0	4095	-1	-1	4.5	3	1000	2	7	3	0.007	0	4	1	0.00025	0.00025
S22_C1	1024	2047	0	4095	1	1	4.5	3	1000	2	7	3	0.007	0	4	1	0.00025	0.00025
S23	2	2048	4096															
S23_C0	0	1023	0	4095	-1	-1	4.5	3	1000	2	7	3	0.007	0	4	1	0.00025	0.00025
S23_C1	1024	2047	0	4095	1	1	4.5	3	1000	2	7	3	0.007	0	4	1	0.00025	0.00025
S24	2	2048	4096															
S24_C0	0	1023	0	4095	-1	-1	4.5	3	1000	2	7	3	0.007	0	4	1	0.00025	0.00025
S24_C1	1024	2047	0	4095	1	1	4.5	3	1000	2	7	3	0.007	0	4	1	0.00025	0.00025
S14	2	2048	4096															
S14_C0	0	1023	0	4095	-1	-1	4.5	3	1000	2	7	3	0.007	0	4	1	0.00025	0.00025
S14_C1	1024	2047	0	4095	1	1	4.5	3	1000	2	7	3	0.007	0	4	1	0.00025	0.00025
S15	2	2048	4096															
S15_C0	0	1023	0	4095	-1	-1	4.5	3	1000	2	7	3	0.007	0	4	1	0.00025	0.00025
S15_C1	1024	2047	0	4095	1	1	4.5	3	1000	2	7	3	0.007	0	4	1	0.00025	0.00025
S16	2	2048	4096															
S16_C0	0	1023	0	4095	-1	-1	4.5	3	1000	2	7	3	0.007	0	4	1	0.00025	0.00025
S16_C1	1024	2047	0	4095	1	1	4.5	3	1000	2	7	3	0.007	0	4	1	0.00025	0.00025
S17	2	2048	4096															
S17_C0	0	1023	0	4095	-1	-1	4.5	3	1000	2	7	3	0.007	0	4	1	0.00025	0.00025
S17_C1	1024	2047	0	4095	1	1	4.5	3	1000	2	7	3	0.007	0	4	1	0.00025	0.00025
S18	2	2048	4096															
S18_C0	0	1023	0	4095	-1	-1	4.5	3	1000	2	7	3	0.007	0	4	1	0.00025	0.00025
S18_C1	1024	2047	0	4095	1	1	4.5	3	1000	2	7	3	0.007	0	4	1	0.00025	0.00025
S19	2	2048	4096															
S19_C0	0	1023	0	4095	-1	-1	4.5	3	1000	2	7	3	0.007	0	4	1	0.00025	0.00025
S19_C1	1024	2047	0	4095	1	1	4.5	3	1000	2	7	3	0.007	0	4	1	0.00025	0.00025
S8	2	2048	4096															
S8_C0	0	1023	0	4095	-1	-1	4.5	3	1000	2	7	3	0.007	0	4	1	0.00025	0.00025
S8_C1	1024	2047	0	4095	1	1	4.5	3	1000	2	7	3	0.007	0	4	1	0.00025	0.00025
S9	2	2048	4096															
S9_C0	0	1023	0	4095	-1	-1	4.5	3	1000	2	7	3	0.007	0	4	1	0.00025	0.00025
S9_C1	1024	2047	0	4095	1	1	4.5	3	1000	2	7	3	0.007	0	4	1	0.00025	0.00025
S10	2	2048	4096															
S10_C0	0	1023	0	4095	-1	-1	4.5	3	1000	2	7	3	0.007	0	4	1	0.00025	0.00025
S10_C1	1024	2047	0	4095	1	1	4.5	3	1000	2	7	3	0.007	0	4	1	0.00025	0.00025
S11	2	2048	4096															
S11_C0	0	1023	0	4095	-1	-1	4.5	3	1000	2	7	3	0.007	0	4	1	0.00025	0.00025
S11_C1	1024	2047	0	4095	1	1	4.5	3	1000	2	7	3	0.007	0	4	1	0.00025	0.00025
S12	2	2048	4096															
S12_C0	0	1023	0	4095	-1	-1	4.5	3	1000	2	7	3	0.007	0	4	1	0.00025	0.00025
S12_C1	1024	2047	0	4095	1	1	4.5	3	1000	2	7	3	0.007	0	4	1	0.00025	0.00025
S13	2	2048	4096															
S13_C0	0	1023	0	4095	-1	-1	4.5	3	1000	2	7	3	0.007	0	4	1	0.00025	0.00025
S13_C1	1024	2047	0	4095	1	1	4.5	3	1000	2	7	3	0.007	0	4	1	0.00025	0.00025
S1	2	2048	4096															
S1_C0	0	1023	0	4095	-1	-1	4.5	3	1000	2	7	3	0.007	0	4	1	0.00025	0.00025
S1_C1	1024	2047	0	4095	1	1	4.5	3	1000	2	7	3	0.007	0	4	1	0.00025	0.00025
S2	2	2048	4096															
S2_C0	0	1023	0	4095	-1	-1	4.5	3	1000	2	7	3	0.007	0	4	1	0.00025	0.00025
S2_C1	1024	2047	0	4095	1	1	4.5	3	1000	2	7	3	0.007	0	4	1	0.00025	0.00025
S3	2	2048	4096															
S3_C0	0	1023	0	4095	-1	-1	4.5	3	1000	2	7	3	0.007	0	4	1	0.00025	0.00025
S3_C1	1024	2047	0	4095	1	1	4.5	3	1000	2	7	3	0.007	0	4	1	0.00025	0.00025
S4	2	2048	4096															
S4_C0	0	1023	0	4095	-1	-1	4.5	3	1000	2	7	3	0.007	0	4	1	0.00025	0.00025
S4_C1	1024	2047	0	4095	1	1	4.5	3	1000	2	7	3	0.007	0	4	1	0.00025	0.00025
S5	2	2048	4096															
S5_C0	0	1023	0	4095	-1	-1	4.5	3	1000	2	7	3	0.007	0	4	1	0.00025	0.00025
S5_C1	1024	2047	0	4095	1	1	4.5	3	1000	2	7	3	0.007	0	4	1	0.00025	0.00025
S6	2	2048	4096															
S6_C0	0	1023	0	4095	-1	-1	4.5	3	1000	2	7	3	0.007	0	4	1	0.00025	0.00025
S6_C1	1024	2047	0	4095	1	1	4.5	3	1000	2	7	3	0.007	0	4	1	0.00025	0.00025
S7	2	2048	4096															
S7_C0	0	1023	0	4095	-1	-1	4.5	3	1000	2	7	3	0.007	0	4	1	0.00025	0.00025
S7_C1	1024	2047	0	4095	1	1	4.5	3	1000	2	7	3	0.007	0	4	1	0.00025	0.00025
N1	2	2048	4096															
N1_C0	0	1023	0	4095	-1	-1	4.5	3	1000	2	7	3	0.007	0	4	1	0.00025	0.00025
N1_C1	1024	2047	0	4095	1	1	4.5	3	1000	2	7	3	0.007	0	4	1	0.00025	0.00025
N2	2	2048	4096															
N2_C0	0	1023	0	4095	-1	-1	4.5	3	1000	2	7	3	0.007	0	4	1	0.00025	0.00025
N2_C1	1024	2047	0	4095	1	1	4.5	3	1000	2	7	3	0.007	0	4	1	0.00025	0.00025
N3	2	2048	4096															
N3_C0	0	1023	0	4095	-1	-1	4.5	3	1000	2	7	3	0.007	0	4	1	0.00025	0.00025
N3_C1	1024	2047	0	4095	1	1	4.5	3	1000	2	7	3	0.007	0	4	1	0.00025	0.00025
N4	2	2048	4096															
N4_C0	0	1023	0	4095	-1	-1	4.5	3	1000	2	7	3	0.007	0	4	1	0.00025	0.00025
N4_C1	1024	2047	0	4095	1	1	4.5	3	1000	2	7	3	0.007	0	4	1	0.00025	0.00025
N5	2	2048	4096															
N5_C0	0	1023	0	4095	-1	-1	4.5	3	1000	2	7	3	0.007	0	4	1	0.00025	0.00025
N5_C1	1024	2047	0	4095	1	1	4.5	3	1000	2	7	3	0.007	0	4	1	0.00025	0.00025
N6	2	2048	4096															
N6_C0	0	1023	0	4095	-1	-1	4.5	3	1000	2	7	3	0.007	0	4	1	0.00025	0.00025
N6_C1	1024	2047	0	4095	1	1	4.5	3	1000	2	7	3	0.007	0	4	1	0.00025	0.00025
N7	2	2048	4096															
N7_C0	0	1023	0	4095	-1	-1	4.5	3	1000	2	7	3	0.007	0	4	1	0.00025	0.00025
N7_C1	1024	2047	0	4095	1	1	4.5	3	1000	2	7	3	0.007	0	4	1	0.00025	0.00025
N8	2	2048	4096															
N8_C0	0	1023	0	4095	-1	-1	4.5	3	1000	2	7	3	0.007	0	4	1	0.00025	0.00025
N8_C1	1024	2047	0	4095	1	1	4.5	3	1000	2	7	3	0.007	0	4	1	0.00025	0.00025
N9	2	2048	4096															
N9_C0	0	1023	0	4095	-1	-1	4.5	3	1000	2	7	3	0.007	0	4	1	0.00025	0.00025
N9_C1	1024	2047	0	4095	1	1	4.5	3	1000	2	7	3	0.007	0	4	1	0.00025	0.00025
N10	2	2048	4096															
N10_C0	0	1023	0	4095	-1	-1	4.5	3	1000	2	7	3	0.007	0	4	1	0.00025	0.00025
N10_C1	1024	2047	0	4095	1	1	4.5	3	1000	2	7	3	0.007	0	4	1	0.00025	0.00025
N11	2	2048	4096															
N11_C0	0	1023	0	4095	-1	-1	4.5	3	1000	2	7	3	0.007	0	4	1	0.00025	0.00025
N11_C1	1024	2047	0	4095	1	1	4.5	3	1000	2	7	3	0.007	0	4	1	0.00025	0.00025
N12	2	2048	4096															
N12_C0	0	1023	0	4095	-1	-1	4.5	3	1000	2	7	3	0.007	0	4	1	0.00025	0.00025
N12_C1	1024	2047	0	4095	1	1	4.5	3	1000	2	7	3	0.007	0	4	1	0.00025	0.00025
N13	2	2048	4096															
N13_C0	0	1023	0	4095	-1	-1	4.5	3	1000	2	7	3	0.007	0	4	1	0.00025	0.00025
N13_C1	1024	2047	0	4095	1	1	4.5	3	1000	2	7	3	0.007	0	4	1	0.00025	0.00025
N14	2	2048	4096															
N14_C0	0	1023	0	4095	-1	-1	4.5	3	1000	2	7	3	0.007	0	4	1	0.00025	0.00025
N14_C1	1024	2047	0	4095	1	1	4.5	3	1000	2	7	3	0.007	0	4	1	0.00025	0.00025
N15	2	2048	4096															
N15_C0	0	1023	0	4095	-1	-1	4.5	3	1000	2	7	3	0.007	0	4	1	0.00025	0.00025
N15_C1	1024	2047	0	4095	1	1	4.5	3	1000	2	7	3	0.007	0	4	1	0.00025	0.00025
N16	2	2048	4096															
N16_C0	0	1023	0	4095	-1	-1	4.5	3	1000	2	7	3	0.007	0	4	1	0.00025	0.00025
N16_C1	1024	2047	0	4095	1	1	4.5	3	1000	2	7	3	0.007	0	4	1	0.00025	0.00025
N17	2	2048	4096															
N17_C0	0	1023	0	4095	-1	-1	4.5	3	1000	2	7	3	0.007	0	4	1	0.00025	0.00025
N17_C1	1024	2047	0	4095	1	1	4.5	3	1000	2	7	3	0.007	0	4	1	0.00025	0.00025
N18	2	2048	4096															
N18_C0	0	1023	0	4095	-1	-1	4.5	3	1000	2	7	3	0.007	0	4	1	0.00025	0.00025
N18_C1	1024	2047	0	4095	1	1	4.5	3	1000	2	7	3	0.007	0	4	1	0.00025	0.00025
N19	2	2048	4096															
N19_C0	0	1023	0	4095	-1	-1	4.5	3	1000	2	7	3	0.007	0	4	1	0.00025	0.00025
N19_C1	1024	2047	0	4095	1	1	4.5	3	1000	2	7	3	0.007	0	4	1	0.00025	0.00025
N20	2	2048	4096															
N20_C0	0	1023	0	4095	-1	-1	4.5	3	1000	2	7	3	0.007	0	4	1	0.00025	0.00025
N20_C1	1024	2047	0	4095	1	1	4.5	3	1000	2	7	3	0.007	0	4	1	0.00025	0.00025
N21	2	2048	4096															
N21_C0	0	1023	0	4095	-1	-1	4.5	3	1000	2	7	3	0.007	0	4	1	0.00025	0.00025
N21_C1	1024	2047	0	4095	1	1	4.5	3	1000	2	7	3	0.007	0	4	1	0.00025	0.00025
N22	2	2048	4096															
N22_C0	0	1023	0	4095	-1	-1	4.5	3	1000	2	7	3	0.007	0	4	1	0.00025	0.00025
N22_C1	1024	2047	0	4095	1	1	4.5	3	1000	2	7	3	0.007	0	4	1	0.00025	0.00025
N23	2	2048	4096															
N23_C0	0	1023	0	4095	-1	-1	4.5	3	1000	2	7	3	0.007	0	4	1	0.00025	0.00025
N23_C1	1024	2047	0	4095	1	1	4.5	3	1000	2	7	3	0.007	0	4	1	0.00025	0.00025
N24	2	2048	4096															
N24_C0	0	1023	0	4095	-1	-1	4.5	3	1000	2	7	3	0.007	0	4	1	0.00025	0.00025
N24_C1	1024	2047	0	4095	1	1	4.5	3	1000	2	7	3	0.007	0	4	1	0.00025	0.00025
N25	2	2048	4096															
N25_C0	0	1023	0	4095	-1	-1	4.5	3	1000	2	7	3	0.007	0	4	1	0.00025	0.00025
N25_C1	1024	2047	0	4095	1	1	4.5	3	1000	2	7	3	0.007	0	4	1	0.00025	0.00025
N26	2	2048	4096															
N26_C0	0	1023	0	4095	-1	-1	4.5	3	1000	2	7	3	0.007	0	4	1	0.00025	0.00025
N26_C1	1024	2047	0	4095	1	1	4.5	3	1000	2	7	3	0.007	0	4	1	0.00025	0.00025
N27	2	2048	4096															
N27_C0	0	1023	0	4095	-1	-1	4.5	3	1000	2	7	3	0.007	0	4	1	0.00025	0.00025
N27_C1	1024	2047	0	4095	1	1	4.5	3	1000	2	7	3	0.007	0	4	1	0.00025	0.00025
N28	2	2048	4096															
N28_C0	0	1023	0	4095	-1	-1	4.5	3	1000	2	7	3	0.007	0	4	1	0.00025	0.00025
N28_C1	1024	2047	0	4095	1	1	4.5	3	1000	2	7	3	0.007	0	4	1	0.00025	0.00025
N29	2	2048	4096															
N29_C0	0	1023	0	4095	-1	-1	4.5	3	1000	2	7	3	0.007	0	4	1	0.00025	0.00025
N29_C1	1024	2047	0	4095	1	1	4.5	3	1000	2	7	3	0.007	0	4	1	0.00025	0.00025
N30	2	2048	4096															
N30_C0	0	1023	0	4095	-1	-1	4.5	3	1000	2	7	3	0.007	0	4	1	0.00025	0.00025
N30_C1	1024	2047	0	4095	1	1	4.5	3	1000	2	7	3	0.007	0	4	1	0.00025	0.00025
N31	2	2048	4096															
N31_C0	0	1023	0	4095	-1	-1	4.5	3	1000	2	7	3	0.007	0	4	1	0.00025	0.00025
N31_C1	1024	2047	0	4095	1	1	4.5	3	1000	2	7	3	0.007	0	4	1	0.00025	0.00025
